09_001136 09_001137 0.9999903 0.0016250863 0.0041000196 -0.00015416894 -0.0016180051 0.9999972 -0.00172986 0.00011827006 -0.004102819 0.0017232093 0.9999901 -0.017531598 0.0 0.0 0.0 1.0
10_000346 10_000348 0.99998266 0.004750725 0.003482168 -3.0408355e-05 -0.0047343844 0.9999778 -0.0046860147 0.0008105919 -0.0035043529 0.0046694474 0.99998295 -0.0327717 0.0 0.0 0.0 1.0
00_002771 00_002766 0.9999401 0.01063716 -0.002587847 -0.0006141033 -0.010636102 0.9999434 0.00042209253 -0.0022351476 0.0025921902 -0.0003945426 0.99999654 0.0955344 0.0 0.0 0.0 1.0
07_000136 07_000137 0.99849313 -0.0016742275 -0.054851137 -0.00082078244 0.0020814256 0.9999707 0.007367406 0.00019680848 0.054837197 -0.0074704727 0.9984674 -0.008299825 0.0 0.0 0.0 1.0
05_001771 05_001773 0.9996816 0.0022511866 -0.025132451 8.739244e-05 -0.0022382892 0.9999974 0.0005412952 0.0006707263 0.025133602 -0.00048486915 0.999684 -0.029768825 0.0 0.0 0.0 1.0
09_000724 09_000725 0.9996582 0.003209875 -0.025944244 7.327239e-06 -0.0032429881 0.999994 -0.0012343507 0.00041512225 0.025940126 0.0013180658 0.99966264 -0.019785218 0.0 0.0 0.0 1.0
02_000127 02_000128 0.9999961 -0.002786577 0.00017870625 -9.040282e-05 0.0027866915 0.9999959 -0.0006431495 3.959561e-05 -0.00017691332 0.000643645 0.99999976 -0.022717603 0.0 0.0 0.0 1.0
00_003783 00_003780 0.9998138 -0.001577509 0.019231264 0.001003427 0.001576598 0.99999875 6.252826e-05 -0.0010485819 -0.01923134 -3.219665e-05 0.99981505 0.061390817 0.0 0.0 0.0 1.0
00_002928 00_002930 0.99999624 -0.0014523608 0.0023232752 7.7474986e-05 0.0014611955 0.9999917 -0.0038055559 0.0007902203 -0.0023177287 0.0038089363 0.99999005 -0.03923167 0.0 0.0 0.0 1.0
08_000810 08_000807 0.9911888 0.008159628 -0.13220495 -0.0052560153 -0.008024393 0.9999666 0.00155567 -0.00065361965 0.13221322 -0.0004810984 0.9912212 0.040371314 0.0 0.0 0.0 1.0
08_002572 08_002569 0.9999991 -0.0005804736 0.0011919518 -0.00020115248 0.00057804753 0.99999774 0.0020347266 -0.0010800066 -0.0011931303 -0.0020340357 0.9999972 0.05647507 0.0 0.0 0.0 1.0
00_004110 00_004114 0.999888 -0.0008814749 0.0149381505 -0.00067068095 0.0009208856 0.9999961 -0.0026315888 0.0017420806 -0.014935773 0.0026450504 0.99988496 -0.09824271 0.0 0.0 0.0 1.0
07_000770 07_000775 0.9993861 -0.016112933 0.03111017 -0.00022212445 0.0161307 0.9998698 -0.0003202034 0.0010245881 -0.03110096 0.00082183565 0.9995159 -0.09441536 0.0 0.0 0.0 1.0
02_004197 02_004199 0.99337566 0.00033706648 -0.11491176 0.0004677007 -0.0017710498 0.99992186 -0.012377128 0.0008403358 0.11489861 0.012498653 0.9932986 -0.02938721 0.0 0.0 0.0 1.0
07_000438 07_000436 0.99999684 -0.0024862625 -0.00040650964 -0.00014636801 0.0024874832 0.9999923 0.003030111 -0.0010225904 0.0003989729 -0.0030311127 0.99999535 0.030618189 0.0 0.0 0.0 1.0
06_000074 06_000069 0.9998393 -0.0017130895 0.017843837 0.0011739592 0.0017890806 0.9999894 -0.0042435746 -0.0028383872 -0.017836379 0.0042748167 0.9998318 0.11569357 0.0 0.0 0.0 1.0
02_002837 02_002832 0.99882317 -0.047924682 -0.0074524297 0.002245911 0.047934443 0.9988498 0.0011367197 -0.0007677954 0.0073893815 -0.0014926101 0.99997157 0.121779986 0.0 0.0 0.0 1.0
00_000622 00_000626 0.99998623 -0.005110643 0.0012096221 -0.0003430483 0.005127369 0.99988526 -0.014253896 0.0014771 -0.0011366368 0.014259902 0.99989766 -0.078636415 0.0 0.0 0.0 1.0
00_000413 00_000416 0.9898961 -0.021448433 0.14016278 0.00092116784 0.020911422 0.99976724 0.005303158 -0.00020436844 -0.1402439 -0.0023185725 0.9901143 -0.027975764 0.0 0.0 0.0 1.0
00_002428 00_002433 0.9602384 -0.0126989875 -0.2788924 0.0028939385 0.012738045 0.99991745 -0.0016722556 0.0013442495 0.2788906 -0.00194678 0.9603209 -0.056053426 0.0 0.0 0.0 1.0
02_003463 02_003467 0.9985731 -0.016403798 -0.050819237 0.0022871322 0.016513286 0.99986213 0.0017353081 0.0011438708 0.05078377 -0.0025720247 0.99870634 -0.07690174 0.0 0.0 0.0 1.0
01_000469 01_000467 0.999998 -0.0006123635 -0.0019300374 0.0006953207 0.0006150125 0.99999887 0.0013722107 -0.0019469823 0.0019291949 -0.001373395 0.9999972 0.10440869 0.0 0.0 0.0 1.0
03_000689 03_000688 0.9999968 0.0014206247 -0.002107337 -9.354596e-05 -0.0014215949 0.99999887 -0.00045895355 -4.4070763e-05 0.0021066826 0.00046194784 0.9999977 0.0148735745 0.0 0.0 0.0 1.0
09_000299 09_000302 0.9982051 -0.0115451515 -0.058764376 0.002555071 0.011377012 0.9999302 -0.0031950236 0.0018164295 0.05879716 0.0025207258 0.99826676 -0.075268984 0.0 0.0 0.0 1.0
09_000674 09_000673 0.99981344 -0.0003612496 0.01931257 0.00044971544 0.000373318 0.99999976 -0.0006212973 -0.00036395103 -0.01931234 0.0006283911 0.9998133 0.01672362 0.0 0.0 0.0 1.0
05_002035 05_002033 0.999911 -0.009618858 0.009242985 0.00067761424 0.009625271 0.99995345 -0.000649558 -0.000936035 -0.009236308 0.00073846645 0.9999571 0.043544598 0.0 0.0 0.0 1.0
00_001029 00_001027 0.999999 0.00047954379 0.0013471051 0.00043953495 -0.0004902742 0.99996805 0.007976544 -0.00033085808 -0.001343237 -0.007977196 0.9999673 0.037303895 0.0 0.0 0.0 1.0
00_003014 00_003015 0.9998543 -0.00019057513 -0.017067079 -6.549683e-05 0.00021932632 0.99999857 0.0016827437 0.000107253916 0.017066732 -0.0016862418 0.99985296 -0.017080773 0.0 0.0 0.0 1.0
09_001383 09_001386 0.99998724 0.0039038924 0.0032117786 1.2406161e-05 -0.0039261994 0.999968 0.006968624 0.0011740653 -0.003184471 -0.0069811447 0.99997056 -0.08751713 0.0 0.0 0.0 1.0
09_000488 09_000492 0.9997337 0.0008319267 0.023063356 -0.00054100377 -0.0008640051 0.9999987 0.001380954 0.0018135459 -0.023062175 -0.0014005131 0.99973303 -0.0887381 0.0 0.0 0.0 1.0
00_003851 00_003855 0.99974555 -0.019250236 -0.011757162 0.00044933797 0.01923407 0.9998139 -0.0014865369 0.0018985877 0.011783591 0.0012600207 0.9999298 -0.08851682 0.0 0.0 0.0 1.0
00_003600 00_003596 0.99998915 -0.0005675379 0.004617567 0.00029935504 0.0006092914 0.9999589 -0.009045946 -0.0014121749 -0.0046122437 0.009048662 0.99994844 0.09967324 0.0 0.0 0.0 1.0
05_002232 05_002233 0.9999948 -5.7586192e-05 -0.0032228606 9.983607e-05 4.5550198e-05 0.999993 -0.0037345183 0.000580945 0.0032230532 0.003734352 0.99998784 -0.02300435 0.0 0.0 0.0 1.0
06_000168 06_000166 0.99999756 0.000634991 0.0021079523 0.00015252766 -0.00063654967 0.9999995 0.0007388447 -0.0011900833 -0.0021074822 -0.0007401847 0.9999975 0.04765301 0.0 0.0 0.0 1.0
02_000351 02_000356 0.9999639 0.008288798 0.0018849928 0.0017079245 -0.008291558 0.99996454 0.0014614436 0.00091637543 -0.0018728124 -0.0014770203 0.99999714 -0.13393658 0.0 0.0 0.0 1.0
08_000852 08_000857 0.9999103 -0.010404923 0.008433979 0.00017603565 0.0104247285 0.999943 -0.002307762 0.0023610033 -0.008409486 0.0023954767 0.9999618 -0.103357434 0.0 0.0 0.0 1.0
00_000171 00_000172 0.99993813 1.7967495e-05 -0.011123417 -0.00035798555 -1.085494e-05 0.9999998 0.0006394818 0.00034072154 0.011123426 -0.0006393215 0.99993795 -0.015599246 0.0 0.0 0.0 1.0
10_000287 10_000283 0.9994872 -0.00033951818 0.03201813 0.0009789831 0.00032792104 0.9999999 0.00036745612 -0.000998464 -0.03201825 -0.00035676826 0.9994872 0.059484895 0.0 0.0 0.0 1.0
02_001116 02_001112 0.99986315 -0.00614201 -0.015359357 -0.00090725324 0.006248691 0.9999566 0.0069073588 -0.00087347283 0.015316266 -0.0070023895 0.9998582 0.065882646 0.0 0.0 0.0 1.0
09_000737 09_000735 0.99883944 -0.0050924025 0.047894612 0.001578283 0.004963986 0.9999838 0.0027997873 -0.0009190926 -0.047908094 -0.00255879 0.9988485 0.042182844 0.0 0.0 0.0 1.0
09_000177 09_000181 0.9989483 -0.002864812 -0.045761738 0.0026867895 0.002661819 0.99998635 -0.0044961865 0.0013055047 0.045773994 0.0043696486 0.99894226 -0.07795226 0.0 0.0 0.0 1.0
00_003799 00_003798 0.99999964 0.00034834896 0.0008057422 0.000119619835 -0.00035139377 0.9999928 0.0037818307 -0.00037329443 -0.000804419 -0.0037821124 0.99999255 0.023775475 0.0 0.0 0.0 1.0
07_000338 07_000339 0.9987665 0.0034388043 0.049534388 0.000790463 -0.0034209474 0.99999404 -0.00044527405 0.0001652705 -0.049535625 0.00027527026 0.9987723 -0.009282993 0.0 0.0 0.0 1.0
01_000811 01_000814 0.9999867 0.0007411351 0.005098199 -0.0006041429 -0.00073212566 0.99999815 -0.0017688224 0.00270421 -0.0050995005 0.0017650664 0.99998546 -0.13232328 0.0 0.0 0.0 1.0
08_003438 08_003442 0.98415965 -0.013077917 -0.1768013 -0.0001863316 0.010121784 0.99979365 -0.01761167 1.1512828e-05 0.17699514 0.015543151 0.98408896 -0.03594742 0.0 0.0 0.0 1.0
00_003207 00_003212 0.9999919 -0.0017031108 -0.0036448902 0.00032147986 0.0017663307 0.9998468 0.017412469 0.0008749676 0.0036146767 -0.017418766 0.99984175 -0.115295604 0.0 0.0 0.0 1.0
09_001311 09_001315 0.99995774 -0.0013414955 0.009096237 -0.00017140617 0.0013188027 0.999996 0.002500289 0.002360578 -0.009099554 -0.002488187 0.9999555 -0.11584435 0.0 0.0 0.0 1.0
08_001405 08_001408 0.9998908 0.008009834 0.012417851 -0.00045325945 -0.007982559 0.9999656 -0.0022444816 -4.6057634e-05 -0.012435402 0.0021451104 0.99992037 -0.026368156 0.0 0.0 0.0 1.0
02_001791 02_001792 0.9978763 0.00080553896 0.06513293 0.0009433421 -0.000615989 0.9999955 -0.0029302314 -0.00014817828 -0.065134995 0.0028838872 0.9978723 -0.007883917 0.0 0.0 0.0 1.0
08_001096 08_001100 0.9952259 0.008328648 -0.09724187 0.0011635826 -0.008889439 0.99994624 -0.0053351396 0.0011354542 0.09719221 0.006174095 0.99524647 -0.064250104 0.0 0.0 0.0 1.0
08_002444 08_002448 0.9999901 0.00017340943 -0.00444963 -0.00031399544 -0.00017128715 0.9999999 0.0004773316 0.0002873478 0.0044497126 -0.00047656472 0.99999 -0.055486295 0.0 0.0 0.0 1.0
02_002977 02_002980 0.9999544 0.0058884807 -0.0075151166 0.0012278205 -0.005921395 0.99997294 -0.0043650125 0.0012424252 0.00748921 0.0044093137 0.9999622 -0.07676377 0.0 0.0 0.0 1.0
02_000856 02_000858 0.9999978 0.00096907374 -0.0018499827 -0.00069771643 -0.0009593329 0.9999857 0.005258999 0.001216744 0.0018550527 -0.0052572126 0.99998444 -0.04528009 0.0 0.0 0.0 1.0
00_001341 00_001346 0.9999817 0.0021129306 0.0056672 0.00017826502 -0.002095485 0.999993 -0.0030825005 0.0018332024 -0.0056736735 0.0030705684 0.9999792 -0.080515824 0.0 0.0 0.0 1.0
02_001111 02_001113 0.999977 0.00085743744 0.006728787 0.00030718755 -0.000856327 0.99999964 -0.00016790547 0.0004341731 -0.0067289285 0.00016213956 0.99997735 -0.032735378 0.0 0.0 0.0 1.0
08_004027 08_004032 0.99796325 -0.0022148897 -0.06375284 -0.0009046277 0.0026348783 0.9999754 0.0065044425 0.00016648116 0.063736856 -0.0066591757 0.99794453 -0.0059459745 0.0 0.0 0.0 1.0
02_004248 02_004246 0.99999744 -0.0015395891 -0.0016471723 0.00015222747 0.0015336032 0.99999225 -0.003629216 -0.0005590484 0.0016527469 0.0036266807 0.9999921 0.05139425 0.0 0.0 0.0 1.0
07_000995 07_000997 0.9999952 -3.323369e-05 -0.003103369 -0.0002978084 3.661347e-05 0.9999994 0.0010890177 0.0002783338 0.0031033307 -0.0010891261 0.9999946 -0.019631857 0.0 0.0 0.0 1.0
01_000885 01_000881 0.99769795 -0.011554238 0.066822976 0.0049052644 0.011566592 0.99993306 0.0002020135 -0.0027865004 -0.06682084 0.00057136564 0.9977648 0.124802485 0.0 0.0 0.0 1.0
06_000898 06_000903 0.9999466 0.004549015 -0.009277595 4.881139e-05 -0.0045132022 0.9999823 0.0038774314 0.0022912885 0.00929507 -0.0038353526 0.99994946 -0.10939389 0.0 0.0 0.0 1.0
02_000194 02_000191 0.99841225 0.0064670425 0.055957135 0.0025677818 -0.0064698816 0.9999791 -0.0001304193 -0.00052478403 -0.055956807 -0.00023182383 0.9984332 0.074270755 0.0 0.0 0.0 1.0
00_002959 00_002961 1.0 0.00013548069 0.00016664591 -9.856484e-05 -0.00013526028 0.9999991 -0.0013218991 0.0007930461 -0.00016682486 0.0013218765 0.9999991 -0.040932003 0.0 0.0 0.0 1.0
07_000743 07_000748 0.9751956 -0.0065202154 0.2212489 0.0011839394 0.0055441945 0.999972 0.005032155 0.00015870722 -0.22127551 -0.0036806883 0.9752044 -0.029063558 0.0 0.0 0.0 1.0
05_001227 05_001223 0.9875554 -0.0035564406 0.15723154 0.006822451 0.0029586405 0.9999875 0.0040359264 -0.00072578277 -0.15724392 -0.003520509 0.98755354 0.050971586 0.0 0.0 0.0 1.0
00_004215 00_004220 0.9999279 -0.00956322 0.0072662025 -0.0005461689 0.009561957 0.9999543 0.00020853685 0.0019177666 -0.0072678644 -0.00013904269 0.9999736 -0.13247323 0.0 0.0 0.0 1.0
09_000573 09_000569 0.9996421 -0.012880506 -0.023448166 -0.0010637898 0.012587255 0.9998413 -0.012611286 -0.0022972124 0.023606883 0.012311624 0.99964553 0.08756624 0.0 0.0 0.0 1.0
02_001427 02_001426 0.99978894 1.2981904e-05 0.020545537 0.00046485866 -3.2192531e-06 0.9999999 -0.00047520435 -0.00062011334 -0.02054554 0.0004750379 0.9997888 0.019412955 0.0 0.0 0.0 1.0
03_000321 03_000317 0.99982625 -0.0036445856 0.018281946 0.0014894791 0.0036226392 0.99999267 0.0012334189 0.00059413014 -0.018286308 -0.0011669757 0.9998321 0.072937086 0.0 0.0 0.0 1.0
05_001484 05_001486 0.9999916 -0.001738495 0.003720478 0.00021125222 0.0017437914 0.9999975 -0.0014208078 0.0011272704 -0.0037179985 0.0014272835 0.9999921 -0.039978247 0.0 0.0 0.0 1.0
02_001594 02_001596 0.99997616 0.0005963585 -0.006881464 0.00061631814 -0.0006227182 0.9999925 -0.0038290352 0.0013443317 0.0068791285 0.0038332292 0.999969 -0.044534024 0.0 0.0 0.0 1.0
02_000952 02_000955 0.9999943 -0.0031842238 -0.0011360265 -0.00047516494 0.003177341 0.9999769 -0.006009846 0.0022061889 0.001155137 0.006006202 0.9999813 -0.055977464 0.0 0.0 0.0 1.0
01_000307 01_000309 0.99999976 -0.00055002654 0.00036110438 -0.000318005 0.0005505188 0.9999989 -0.0013646233 0.0019135253 -0.0003603534 0.0013648218 0.999999 -0.10675613 0.0 0.0 0.0 1.0
05_001079 05_001075 0.9999994 -0.0002163478 0.0010759012 -0.00023616088 0.00022064966 0.99999195 -0.0039998554 -0.0019459715 -0.0010750273 0.00400009 0.9999914 0.076125525 0.0 0.0 0.0 1.0
10_000665 10_000667 0.99930245 0.005965078 0.03686587 0.0012982108 -0.005968586 0.9999822 -1.4895997e-05 0.00022266324 -0.036865305 -0.00020515152 0.9993202 -0.0221563 0.0 0.0 0.0 1.0
07_000540 07_000537 0.9980017 -0.00929862 0.062499598 0.0027672192 0.008948041 0.99994266 0.005886865 -0.0011772898 -0.06255075 -0.005315852 0.9980276 0.052667208 0.0 0.0 0.0 1.0
00_003668 00_003664 0.99908435 0.010767564 -0.04140615 -0.0019456336 -0.010649933 0.9999386 0.0030604484 -0.0009374764 0.041436564 -0.0026166735 0.9991377 0.046017103 0.0 0.0 0.0 1.0
00_004241 00_004239 0.99996537 -0.008236555 -0.0011682499 0.00049074745 0.008239901 0.99996185 0.002888109 -0.00093643175 0.0011444173 -0.0028976356 0.9999952 0.052455157 0.0 0.0 0.0 1.0
05_001707 05_001704 0.9999997 0.0005767436 -0.00053103257 -0.00048155134 -0.0005770866 0.99999964 -0.00064587593 -0.0014766983 0.00053065986 0.00064618216 0.99999964 0.06806115 0.0 0.0 0.0 1.0
04_000169 04_000164 0.99998707 -0.005076672 0.0003549439 0.00015908098 0.0050763017 0.9999866 0.0010369788 -0.0023913393 -0.00036020356 -0.0010351635 0.9999994 0.14937955 0.0 0.0 0.0 1.0
01_000869 01_000864 0.9998605 -0.014321823 0.0085910885 0.0011468425 0.014331526 0.9998967 -0.0010689191 -0.004579746 -0.008574892 0.0011918934 0.9999625 0.18186536 0.0 0.0 0.0 1.0
06_000728 06_000733 0.99843025 -0.019591099 0.05247102 8.071108e-05 0.019455707 0.9998059 0.0030898852 0.0011653412 -0.052521374 -0.002064174 0.99861765 -0.09163689 0.0 0.0 0.0 1.0
10_001141 10_001145 0.9999984 -0.00022079253 0.0017874541 0.00017545052 0.00021833494 0.99999905 0.0013749808 0.00016984553 -0.001787756 -0.0013745882 0.99999744 -0.0069623427 0.0 0.0 0.0 1.0
02_002120 02_002118 0.9999855 -0.0010493298 -0.0052814647 6.612495e-05 0.001032579 0.99999446 -0.0031733545 -0.00081360416 0.005284765 0.003167855 0.99998105 0.052735224 0.0 0.0 0.0 1.0
08_000219 08_000217 0.9999956 -0.0029021986 -0.0006728079 3.6039684e-05 0.0029077777 0.9999601 0.008445107 -0.0003273932 0.0006482717 -0.008447027 0.9999641 0.048126847 0.0 0.0 0.0 1.0
09_000780 09_000781 0.9999999 0.00036769072 -0.0002578775 0.00014980324 -0.00036787963 0.99999964 -0.0007328198 0.0006198542 0.00025760793 0.0007329146 0.9999997 -0.026498029 0.0 0.0 0.0 1.0
00_003890 00_003893 0.9996132 -0.0025601422 -0.027691342 0.0002940441 0.0026969668 0.9999843 0.0049048397 0.0014651534 0.027678352 -0.0049776253 0.99960446 -0.048380837 0.0 0.0 0.0 1.0
03_000057 03_000055 0.9998578 0.007941785 0.014877259 5.249427e-05 -0.007949229 0.9999683 0.0004412777 -9.3458344e-05 -0.014873283 -0.00055947766 0.99988925 0.019820143 0.0 0.0 0.0 1.0
05_002357 05_002355 1.0 -1.6170377e-05 9.9696794e-05 8.452874e-05 1.6168888e-05 1.0 1.4941584e-05 -5.0270806e-05 -9.9697034e-05 -1.4939972e-05 1.0 4.5438937e-05 0.0 0.0 0.0 1.0
02_000088 02_000087 0.9997452 -0.000374893 0.022569073 0.00045020002 0.0002862838 0.99999225 0.0039292355 -0.000520655 -0.022570372 -0.0039217733 0.99973756 0.019637875 0.0 0.0 0.0 1.0
00_002614 00_002619 0.9983861 -0.0068387063 -0.056377605 0.0019618592 0.006703246 0.9999742 -0.0025914942 0.0009956774 0.05639387 0.002209399 0.9984062 -0.0879076 0.0 0.0 0.0 1.0
00_000981 00_000977 0.9997701 0.0056466637 -0.020683767 -0.0014066986 -0.0054886206 0.99995536 0.007689753 -0.00016448012 0.020726265 -0.00757446 0.9997565 0.06482916 0.0 0.0 0.0 1.0
00_000359 00_000364 0.99975073 0.0035410402 -0.022044752 0.0027539523 -0.0036404328 0.9999834 -0.0044701747 0.00023784557 0.022028556 0.004549313 0.999747 -0.068425566 0.0 0.0 0.0 1.0
10_000865 10_000868 0.98113865 0.005627381 -0.19322337 -9.765018e-05 -0.0045902096 0.9999726 0.0058150045 0.00041451838 0.19325079 -0.0048183897 0.9811376 -0.030868137 0.0 0.0 0.0 1.0
08_000020 08_000022 0.99994963 0.008675168 -0.0050460943 -0.00053939 -0.008679858 0.9999619 -0.00090829073 0.007368392 0.0050380225 0.0009520443 0.9999868 -0.009391311 0.0 0.0 0.0 1.0
05_002636 05_002635 0.9999788 -0.0014154491 -0.0063583017 -0.00021139426 0.001432151 0.9999955 0.0026230053 -0.00033134033 0.0063545606 -0.0026320557 0.99997634 0.019488823 0.0 0.0 0.0 1.0
07_000146 07_000149 0.9967502 0.0016034346 -0.080539085 -5.4825523e-05 -0.0021244136 0.99997735 -0.0063833757 0.00050458824 0.08052703 0.006533729 0.996731 -0.035641 0.0 0.0 0.0 1.0
08_001284 08_001280 0.9999412 0.0029690883 0.0104336385 0.00029301434 -0.0029689046 0.9999956 -3.3083892e-05 -0.000573128 -0.010433691 2.1054664e-06 0.9999456 0.04223414 0.0 0.0 0.0 1.0
02_003580 02_003583 0.9999272 -0.009746302 -0.0071146204 0.00092395046 0.009687366 0.9999189 -0.008271784 0.0019574969 0.0071946625 0.008202259 0.99994045 -0.07876896 0.0 0.0 0.0 1.0
08_002892 08_002887 0.991919 -0.0128056165 0.1262248 0.007619332 0.01172835 0.99988824 0.009274021 -0.0017771233 -0.12632945 -0.0077186693 0.9919583 0.09140743 0.0 0.0 0.0 1.0
07_000423 07_000427 0.9999959 -0.0014837795 -0.0024542434 -0.0008081784 0.001492634 0.9999924 0.0036098962 0.0020346341 0.0024488685 -0.0036135446 0.99999046 -0.072322935 0.0 0.0 0.0 1.0
02_004656 02_004658 0.9999232 0.011606606 -0.0043407106 -1.5467054e-05 -0.01156921 0.9998966 0.008543171 0.0014488397 0.004439419 -0.008492297 0.9999541 -0.053217288 0.0 0.0 0.0 1.0
08_001686 08_001682 0.99973994 0.010111784 0.020439815 0.00073791126 -0.010257664 0.9999226 0.007044894 -0.0009840174 -0.020366997 -0.0072527267 0.9997663 0.08276622 0.0 0.0 0.0 1.0
03_000499 03_000501 0.99997497 -0.0044225547 0.0055257925 0.0001685902 0.0044106 0.9999879 0.002173871 -2.3245862e-05 -0.00553534 -0.0021494445 0.99998236 -0.022955708 0.0 0.0 0.0 1.0
09_000412 09_000407 0.9999879 0.0009168985 -0.0048361947 -0.001674142 -0.0008746438 0.9999615 0.008732064 -0.0014864146 0.0048440145 -0.008727728 0.9999502 0.09688578 0.0 0.0 0.0 1.0
07_000306 07_000310 0.9961421 -0.006691538 0.087499626 0.001276714 0.0051869736 0.99983495 0.017411169 0.00047041243 -0.0876017 -0.016890138 0.9960124 -0.017934198 0.0 0.0 0.0 1.0
08_002468 08_002471 0.9983914 0.00555618 -0.056424666 3.2363212e-05 -0.005457529 0.9999833 0.0019023078 0.00012614882 0.056434292 -0.0015913086 0.99840504 -0.021630619 0.0 0.0 0.0 1.0
08_000564 08_000566 0.99999356 -0.00032013858 -0.0035798424 0.00020647027 0.00031461098 0.99999875 -0.0015445509 0.0009913046 0.0035803325 0.0015434145 0.9999924 -0.034784887 0.0 0.0 0.0 1.0
08_002901 08_002898 0.9984921 -0.006243901 0.05453894 0.0017409758 0.006190314 0.99998015 0.0011514243 -0.0014806988 -0.05454505 -0.0008120749 0.99851096 0.057289887 0.0 0.0 0.0 1.0
03_000318 03_000316 0.9999397 0.0048405943 0.009856863 0.00034657356 -0.0049199583 0.99995553 0.008043403 0.00032461018 -0.00981749 -0.008091413 0.99991906 0.036826607 0.0 0.0 0.0 1.0
00_002608 00_002611 0.99997437 -0.0054228534 -0.0046747117 0.00014901411 0.005366977 0.999915 -0.011883761 0.0005818146 0.0047387583 0.011858367 0.99991846 -0.04697175 0.0 0.0 0.0 1.0
02_004393 02_004398 0.9999727 0.0060210153 -0.0042765406 0.00041542627 -0.0060466374 0.9999637 -0.0060038255 0.0033766886 0.0042402362 0.00602952 0.9999728 -0.13460556 0.0 0.0 0.0 1.0
02_004081 02_004085 0.9853776 0.0014821528 -0.17037824 0.0018809123 -0.001438557 0.99999887 0.00037932827 0.0010218305 0.17037861 -0.00012868276 0.9853787 -0.063595004 0.0 0.0 0.0 1.0
03_000762 03_000758 0.9961678 0.00035851268 0.08746235 0.0024847959 -0.00054244895 0.9999977 0.0020792752 0.0011690499 -0.087461405 -0.0021187507 0.99616563 0.021952987 0.0 0.0 0.0 1.0
08_003632 08_003630 0.9999958 0.002482053 0.0014663588 0.00027645132 -0.0024807933 0.99999654 -0.00086010137 -0.0005775449 -0.0014684885 0.0008564601 0.99999857 0.035180025 0.0 0.0 0.0 1.0
02_000175 02_000179 0.99817073 -0.0006421876 -0.060454525 0.002015372 0.00078406284 0.999997 0.0023231164 0.0008369752 0.060452852 -0.0023662671 0.99816823 -0.096630044 0.0 0.0 0.0 1.0
05_001841 05_001838 0.99658227 -0.0008788876 -0.08260185 -0.0030127047 0.0011323908 0.9999948 0.003022179 -0.0003653201 0.08259877 -0.0031053876 0.99657804 0.020365408 0.0 0.0 0.0 1.0
09_001212 09_001214 0.99986786 0.0058671026 -0.0151595045 1.7182227e-05 -0.005755227 0.99995595 0.0074130227 0.0006433477 0.01520233 -0.007324797 0.9998576 -0.051430486 0.0 0.0 0.0 1.0
10_000378 10_000376 0.99975777 -0.007633694 0.020642847 0.00063863496 0.007655744 0.9999702 -0.000989332 -0.0002018436 -0.02063468 0.0011471286 0.99978644 0.032566372 0.0 0.0 0.0 1.0
00_000274 00_000275 0.99999356 0.0008230847 0.0035002166 -5.1505664e-05 -0.00082886324 0.9999983 0.0016497851 -1.7120243e-05 -0.0034988527 -0.0016526756 0.9999925 -0.016441632 0.0 0.0 0.0 1.0
01_000010 01_000014 0.9820852 0.0048935455 -0.1883737 0.005292044 -0.004561045 0.9999872 0.002198544 0.0016704033 0.18838203 -0.0012999768 0.98209494 -0.07792648 0.0 0.0 0.0 1.0
00_001590 00_001594 0.9990886 -0.00050540944 0.04268162 -0.001207582 0.0007206903 0.9999871 -0.005028641 0.00043936615 -0.042678528 0.005054818 0.99907607 -0.06512208 0.0 0.0 0.0 1.0
02_000445 02_000440 0.9828151 0.008935013 0.18437646 0.009549537 -0.00871023 0.99996 -0.0020290578 -0.0010394307 -0.18438722 0.0003882274 0.9828536 0.10348083 0.0 0.0 0.0 1.0
02_002093 02_002094 0.9999747 0.005773137 0.004153248 -0.00033140727 -0.0057712505 0.99998325 -0.0004660349 0.0002809947 -0.0041558687 0.0004420537 0.99999124 -0.025372377 0.0 0.0 0.0 1.0
02_001223 02_001228 0.99983084 0.0025437535 -0.018216887 0.0010455085 -0.0024377825 0.99998 0.0058370377 0.0013609028 0.018231371 -0.005791642 0.999817 -0.099033095 0.0 0.0 0.0 1.0
00_002816 00_002811 0.99925333 0.008827947 -0.03761404 -0.0028337503 -0.009173845 0.9999171 -0.0090333335 -0.0023568498 0.03753118 0.009371654 0.9992515 0.08311276 0.0 0.0 0.0 1.0
05_000984 05_000980 0.9999988 -0.0010694881 0.0011100243 -0.00051066035 0.0010698651 0.99999934 -0.00033902202 -0.0015388875 -0.001109661 0.0003402092 0.99999934 0.05955126 0.0 0.0 0.0 1.0
05_000248 05_000252 0.9999774 0.004070942 -0.0053512743 0.00059392856 -0.004005685 0.99991816 0.012149285 0.0009001739 0.0054002954 -0.0121275745 0.9999119 -0.064610325 0.0 0.0 0.0 1.0
00_003367 00_003368 0.99979407 -0.0022857469 -0.02016394 -0.00030856923 0.0022975157 0.9999972 0.00056051504 0.00026230485 0.020162603 -0.0006067266 0.9997965 -0.0092284195 0.0 0.0 0.0 1.0
10_000719 10_000723 0.99411047 -0.012301328 -0.107671335 0.0059397332 0.014146872 0.9997655 0.016393494 0.0013835776 0.10744443 -0.017820157 0.9940514 -0.08770612 0.0 0.0 0.0 1.0
00_001304 00_001307 0.99997497 0.0046142633 -0.005361065 0.00086535607 -0.004612105 0.9999893 0.00041494644 -0.00067088794 0.0053629223 -0.00039021028 0.9999855 -0.04863295 0.0 0.0 0.0 1.0
01_000677 01_000680 0.9999985 0.0002948281 0.0016916782 -0.00087605504 -0.00029700017 0.9999991 0.0012838673 0.002761249 -0.0016912982 -0.0012843678 0.99999774 -0.16222282 0.0 0.0 0.0 1.0
00_002339 00_002334 0.99053955 0.02517651 -0.13489828 -0.0069675217 -0.023637537 0.9996361 0.012998181 -0.00076580845 0.13517644 -0.009686549 0.9907742 0.058093347 0.0 0.0 0.0 1.0
01_000342 01_000337 0.99999744 0.001176198 -0.0019273146 0.0005840854 -0.001174904 0.9999991 0.00067237567 -0.004588968 0.0019281036 -0.0006701095 0.9999979 0.26616612 0.0 0.0 0.0 1.0
00_002863 00_002859 0.9886513 -0.014779043 0.14950009 0.0051298784 0.0138506 0.9998778 0.007249651 -0.00031887207 -0.14958897 -0.0050967103 0.98873514 0.028902277 0.0 0.0 0.0 1.0
00_001759 00_001755 0.99992055 0.008809868 0.009018937 2.8312972e-05 -0.008765521 0.99994934 -0.0049448074 -0.0018086082 -0.009062043 0.0048653586 0.99994713 0.07587051 0.0 0.0 0.0 1.0
08_003216 08_003212 0.99998957 -0.0017244862 -0.0042324364 -0.0014726496 0.0017199992 0.999998 -0.0010635597 -0.002708726 0.004234262 0.0010562688 0.99999046 0.08799273 0.0 0.0 0.0 1.0
05_000035 05_000039 0.99999714 -0.0020783884 0.0012082604 -0.00021242756 0.0020834594 0.999989 -0.004211021 0.0014830168 -0.0011994949 0.0042135264 0.9999904 -0.08023586 0.0 0.0 0.0 1.0
08_000110 08_000109 0.9999975 0.0015504755 -0.0016049399 -0.00029845527 -0.001550466 0.9999988 7.0818214e-06 0.0012502935 0.001604949 -4.593399e-06 0.9999987 0.022284545 0.0 0.0 0.0 1.0
06_000589 06_000588 0.99999905 -0.0013576441 -0.00033302399 -4.0530464e-05 0.0013580874 0.9999982 0.0013346568 -0.0006169782 0.00033121137 -0.0013351078 0.99999905 0.028488697 0.0 0.0 0.0 1.0
02_000936 02_000932 0.9999767 -0.0037967279 -0.0056724306 -0.0003313928 0.0038355698 0.9999692 0.0068523935 -0.0012392878 0.005646239 -0.006873991 0.9999604 0.060967315 0.0 0.0 0.0 1.0
02_000234 02_000232 0.999991 -0.0040453393 -0.0012727745 0.0013597684 0.0040406687 0.99998516 -0.0036509 -0.0006993659 0.0012875248 0.0036457244 0.99999255 0.05142998 0.0 0.0 0.0 1.0
03_000438 03_000443 0.9998473 -0.006209268 -0.016334603 0.0006233441 0.0061587375 0.9999761 -0.0031419417 -3.600312e-06 0.016353723 0.0030408613 0.99986166 -0.092821375 0.0 0.0 0.0 1.0
10_000281 10_000284 0.99992186 -0.008584066 -0.009090456 0.000622579 0.008522943 0.99994093 -0.0067415154 0.0007852642 0.009147789 0.006663511 0.999936 -0.044866957 0.0 0.0 0.0 1.0
02_001447 02_001449 0.9991478 0.0015740074 -0.04124672 0.00024339897 -0.0015943905 0.9999986 -0.0004612817 0.0010323264 0.041245934 0.000526652 0.9991489 -0.039039854 0.0 0.0 0.0 1.0
05_002288 05_002285 0.99999696 0.0005045381 0.0024128149 6.130696e-05 -0.00048996275 0.99998164 -0.006037614 -0.0013949815 -0.0024158168 0.006036413 0.99997884 0.04586417 0.0 0.0 0.0 1.0
00_004034 00_004031 0.9999329 -0.0016045903 -0.011476058 0.00017416451 0.001592495 0.99999815 -0.0010630287 -0.0013423449 0.011477742 0.0010446818 0.9999336 0.068483226 0.0 0.0 0.0 1.0
00_000433 00_000436 0.99278116 -0.0019202862 0.11992423 0.0004427339 0.0015836423 0.9999945 0.0029023772 -1.136965e-05 -0.11992916 -0.0026915083 0.9927788 -0.02900665 0.0 0.0 0.0 1.0
00_002438 00_002441 0.9861219 0.019316157 -0.16489536 -0.0004446103 -0.017273508 0.9997554 0.013812687 -0.00022067182 0.16512182 -0.0107726725 0.98621434 -0.03664061 0.0 0.0 0.0 1.0
00_002485 00_002481 0.99999076 -0.002775768 -0.003277846 -0.0012510945 0.0027391377 0.9999343 -0.011127224 -0.0026620107 0.0033085174 0.011118143 0.9999327 0.08119627 0.0 0.0 0.0 1.0
02_000039 02_000040 0.99991333 -0.0023083386 -0.012958995 0.0003602993 0.0023056003 0.9999973 -0.00022624427 0.00026919582 0.012959483 0.0001963464 0.999916 -0.02298003 0.0 0.0 0.0 1.0
05_000627 05_000623 0.9999952 0.0018183403 0.0025281336 0.00017429296 -0.0017972107 0.99996364 -0.008335095 -0.0018102217 -0.0025431977 0.008330511 0.9999621 0.073097825 0.0 0.0 0.0 1.0
02_004007 02_004010 0.9999443 -0.008045578 0.0068303193 5.591098e-05 0.008027595 0.99996424 0.0026562924 0.0009275417 -0.0068514463 -0.0026013134 0.9999731 -0.075110115 0.0 0.0 0.0 1.0
05_000856 05_000851 0.9999639 -0.00085055834 -0.008457339 -0.00033144394 0.00084701367 0.9999995 -0.00042269353 -0.0021955187 0.008457695 0.00041551478 0.9999641 0.08097112 0.0 0.0 0.0 1.0
00_004198 00_004202 0.99983513 -0.001424946 0.018100258 -0.00053542276 0.0014750609 0.9999951 -0.0027556976 0.0012884182 -0.018096242 0.0027819423 0.9998324 -0.101681106 0.0 0.0 0.0 1.0
00_000583 00_000585 0.9925131 0.003930084 -0.12207479 -0.0011292927 -0.002813093 0.9999526 0.009321056 -6.543118e-05 0.122105636 -0.008907863 0.9924771 -0.014790773 0.0 0.0 0.0 1.0
00_000629 00_000631 0.99999666 0.0024543882 0.00079428655 -0.00054883724 -0.0024588215 0.9999811 0.005629319 0.000345778 -0.000780455 -0.0056312536 0.99998385 -0.041073997 0.0 0.0 0.0 1.0
08_002792 08_002789 0.9999894 -0.0034078087 -0.0031026546 -0.0006469009 0.0034008771 0.9999917 -0.0022365777 -0.002545793 0.0031102507 0.0022260023 0.99999267 0.06701763 0.0 0.0 0.0 1.0
08_003045 08_003042 0.997645 -0.008706508 0.06803362 0.0037174702 0.008011276 0.9999129 0.010485117 -0.0013629127 -0.06811898 -0.009915389 0.9976279 0.051328648 0.0 0.0 0.0 1.0
00_003892 00_003897 0.9974154 0.012922023 -0.07067887 0.0011359011 -0.011490395 0.9997213 0.020624613 0.001124202 0.07092568 -0.01975918 0.9972859 -0.07296758 0.0 0.0 0.0 1.0
05_001170 05_001172 0.9999562 -0.00083691604 -0.00932276 -0.00023100525 0.0008620568 0.999996 0.002693014 0.00048151286 0.009320468 -0.0027009326 0.9999529 -0.017944716 0.0 0.0 0.0 1.0
02_003139 02_003143 0.99999064 0.0022838733 0.0036764112 -0.0012530453 -0.0023216335 0.99994427 0.010299641 0.00032713788 -0.0036526832 -0.010308079 0.9999402 -0.09716656 0.0 0.0 0.0 1.0
02_003355 02_003350 0.9999912 0.0037847448 -0.0018073814 -9.115811e-05 -0.0037817077 0.9999914 0.0016808797 -0.0003373749 0.0018137277 -0.00167403 0.99999696 0.08124266 0.0 0.0 0.0 1.0
08_003172 08_003170 0.9999549 0.0032732314 0.008915222 -0.0012389019 -0.0032809288 0.9999943 0.00084891025 -0.00040689632 -0.008912392 -0.00087812217 0.9999599 0.039718512 0.0 0.0 0.0 1.0
02_000518 02_000514 0.9849476 -0.009420922 -0.17259625 -0.009207926 0.004050223 0.99949735 -0.031442914 0.0011799593 0.17280571 0.030270569 0.9844907 0.071310416 0.0 0.0 0.0 1.0
00_004496 00_004498 0.9999914 0.00032377412 -0.0041254153 -0.0001457334 -0.00033464978 0.9999965 -0.0026358382 0.0010021052 0.0041245474 0.0026371963 0.999988 -0.045368362 0.0 0.0 0.0 1.0
02_001859 02_001858 0.9999974 0.0022072885 0.0005665111 0.00026630695 -0.002207919 0.99999696 0.0011151124 -0.00029810632 -0.000564048 -0.0011163603 0.9999992 0.026700614 0.0 0.0 0.0 1.0
02_000628 02_000633 0.9999566 -0.0037808695 -0.008516652 0.001509317 0.003770669 0.99999213 -0.0012134664 -0.00080530666 0.008521173 0.0011813003 0.999963 -0.12173968 0.0 0.0 0.0 1.0
00_002671 00_002667 0.99962884 0.0051350626 -0.02675369 -0.0016820747 -0.005239397 0.99997896 -0.0038311542 -0.0016855956 0.026733452 0.0039699054 0.99963474 0.06580115 0.0 0.0 0.0 1.0
00_000851 00_000855 0.9999839 -0.0053516566 -0.0018862599 3.4466313e-05 0.0053068753 0.99972147 -0.022996044 0.001291438 0.0020088013 0.022985663 0.9997338 -0.05412821 0.0 0.0 0.0 1.0
00_000878 00_000875 0.9999297 -0.0045963535 0.010925348 0.00032846036 0.004671297 0.99996567 -0.0068440037 -0.00079627 -0.010893515 0.006894558 0.9999169 0.058751058 0.0 0.0 0.0 1.0
00_004202 00_004203 0.9999884 0.00022388386 0.0048213257 2.8296595e-06 -0.00021352965 0.9999977 -0.0021479933 0.0003576181 -0.0048217955 0.0021469388 0.99998605 -0.025619242 0.0 0.0 0.0 1.0
07_001014 07_001015 1.0 3.170343e-05 -8.834186e-05 -0.0001913046 -3.1751668e-05 0.9999998 -0.0005461297 0.0001083224 8.832453e-05 0.0005461325 0.9999998 -0.0051248814 0.0 0.0 0.0 1.0
06_000823 06_000827 0.99999464 0.0005385071 0.003225944 -0.00025768465 -0.0005413717 0.99999946 0.00088717067 0.0025485896 -0.0032254646 -0.00088891236 0.9999944 -0.11022916 0.0 0.0 0.0 1.0
05_002754 05_002757 0.999951 -0.009732721 0.0018182788 0.00046231522 0.009732387 0.9999526 0.00019293417 0.0016391046 -0.0018200704 -0.00017522852 0.99999833 -0.06644484 0.0 0.0 0.0 1.0
06_001028 06_001023 0.9997516 -0.004909223 0.021739474 0.0013358905 0.004842573 0.99998343 0.0031174384 -0.0016141364 -0.021754418 -0.0030113892 0.9997588 0.07645095 0.0 0.0 0.0 1.0
02_002469 02_002466 0.99743575 0.0031512287 -0.07149853 -0.0033147652 -0.0028233624 0.99998504 0.004686236 -0.0010575331 0.07151223 -0.004472353 0.99742967 0.06214306 0.0 0.0 0.0 1.0
07_000893 07_000888 0.99557805 0.0067352606 -0.09369612 -0.005167164 -0.006567789 0.9999762 0.0020956483 -0.002584526 0.093708 -0.0014710053 0.9955986 0.059220422 0.0 0.0 0.0 1.0
05_002682 05_002680 0.99999875 0.00048394475 -0.0015012515 -0.000114683404 -0.00048281657 0.9999996 0.0007517768 -0.0009966897 0.0015016147 -0.00075105106 0.99999857 0.03829371 0.0 0.0 0.0 1.0
00_003417 00_003413 0.9948404 -0.0010262646 -0.10144722 -0.0035147308 0.0017579368 0.99997306 0.0071232067 -0.0006002929 0.10143718 -0.0072647915 0.9948154 0.043438304 0.0 0.0 0.0 1.0
05_000610 05_000615 0.9999942 0.0024129546 -0.002386391 -7.7976865e-06 -0.0024062162 0.99999315 0.002822467 0.0018029391 0.002393185 -0.0028167085 0.99999315 -0.08761935 0.0 0.0 0.0 1.0
02_003117 02_003120 0.9998155 0.015541302 -0.011285014 -0.00044048158 -0.015535462 0.9998791 0.000605014 0.0005277862 0.011293053 -0.0004295845 0.99993616 -0.06659562 0.0 0.0 0.0 1.0
07_000520 07_000521 0.99998695 0.0050764713 -0.0005682732 -0.00011867147 -0.0050772782 0.9999861 -0.0014274574 0.0006100509 0.0005610188 0.001430324 0.9999988 -0.018683208 0.0 0.0 0.0 1.0
05_000931 05_000926 0.99995303 0.0012716474 0.009609914 0.00018154521 -0.0013276063 0.9999822 0.005818901 -0.0005084082 -0.009602344 -0.005831386 0.9999369 0.07758831 0.0 0.0 0.0 1.0
00_002990 00_002989 0.9974234 -0.0027994798 0.07168509 0.0020171495 0.00271179 0.99999547 0.0013205596 -0.00023120372 -0.07168846 -0.0011227622 0.99742645 0.012180237 0.0 0.0 0.0 1.0
08_000748 08_000746 0.99992424 -0.00050888554 0.012297459 0.0003731641 0.00041779096 0.99997246 0.0074090287 -0.00040050643 -0.012300891 -0.00740333 0.99989694 0.039025575 0.0 0.0 0.0 1.0
10_000158 10_000156 0.9998732 -0.0057480135 -0.014851176 -0.0004831759 0.005751623 0.99998343 0.00020033639 -0.00078714127 0.014849779 -0.00028572936 0.9998897 0.035832763 0.0 0.0 0.0 1.0
03_000798 03_000795 0.9998551 -0.002263463 -0.01687076 -0.00029373082 0.0023374918 0.9999877 0.004369562 -0.0002359901 0.016860662 -0.004408364 0.9998481 0.0029109176 0.0 0.0 0.0 1.0
10_000538 10_000540 0.99974 0.0048949 -0.022270998 -5.7748995e-05 -0.004905972 0.99998784 -0.00044254566 0.00093688647 0.022268562 0.0005516915 0.99975187 -0.029210478 0.0 0.0 0.0 1.0
02_003107 02_003109 0.9999811 -0.0024905277 -0.005620436 -0.001064942 0.0025271378 0.99997556 0.006516068 -2.4000348e-05 0.00560407 -0.0065301484 0.999963 -0.04292436 0.0 0.0 0.0 1.0
02_001725 02_001728 0.9998515 -0.0075245043 0.015503718 -8.733248e-05 0.007547291 0.9999705 -0.001411771 0.0015848436 -0.015492638 0.0015285724 0.9998788 -0.06880062 0.0 0.0 0.0 1.0
05_000765 05_000761 0.99998397 -0.0023161958 0.0051660333 7.7657016e-05 0.0023101482 0.99999666 0.0011762767 -0.0011712952 -0.0051687406 -0.0011643235 0.999986 0.05549516 0.0 0.0 0.0 1.0
02_000818 02_000814 0.99998504 -0.004866622 -0.0024976514 -0.00026108444 0.0048914114 0.9999379 0.010016954 -0.00036492557 0.0024487474 -0.010029021 0.9999467 0.10489907 0.0 0.0 0.0 1.0
02_002919 02_002917 0.99988425 -0.00045608482 0.015207501 0.00030327 0.0004812504 0.9999985 -0.0016511964 -0.0011657033 -0.015206725 0.0016583238 0.999883 0.04843132 0.0 0.0 0.0 1.0
08_001017 08_001015 0.99498194 0.000611305 0.10005302 0.002794172 -0.00029097995 0.9999948 -0.0032161155 -0.0003532758 -0.100054465 0.0031708633 0.99497694 0.02492319 0.0 0.0 0.0 1.0
05_000236 05_000233 0.9999858 0.0016320327 0.0050677448 -0.0008686841 -0.001625237 0.9999978 -0.0013447885 -0.005885942 -0.0050699282 0.0013365332 0.99998623 0.044736534 0.0 0.0 0.0 1.0
08_003472 08_003474 0.9999976 0.0009172117 -0.0019835494 0.0003475834 -0.0009102467 0.99999344 0.003509459 -5.5303495e-05 0.0019867553 -0.003507645 0.9999919 -0.03472294 0.0 0.0 0.0 1.0
08_002836 08_002838 0.99999535 0.003034335 -0.00019313346 -0.00055373955 -0.003033895 0.9999929 0.00223923 0.0013223047 0.00019992665 -0.0022386338 0.9999975 -0.041693464 0.0 0.0 0.0 1.0
00_004011 00_004008 0.9999222 0.0095513975 -0.008018828 -0.00021268263 -0.0095543265 0.9999543 -0.00032694128 -0.0016936513 0.008015339 0.00040353037 0.9999678 0.07163974 0.0 0.0 0.0 1.0
00_003794 00_003792 0.9999175 -0.0030497883 0.012477297 0.00083846634 0.0028058246 0.99980545 0.019523598 -0.00031797582 -0.0125344135 -0.019486979 0.99973154 0.047536805 0.0 0.0 0.0 1.0
10_000858 10_000856 0.99330884 0.003271818 0.11544175 0.0026902847 -0.0034580734 0.999993 0.0014131787 -0.00062807975 -0.11543632 -0.001802929 0.99331325 0.02225454 0.0 0.0 0.0 1.0
00_003862 00_003857 0.9998583 -0.0029580386 0.016572254 0.0020041452 0.0028437374 0.99997205 0.00691647 -0.001797413 -0.01659225 -0.0068683624 0.99983877 0.11346002 0.0 0.0 0.0 1.0
01_000520 01_000523 0.99999875 0.0008015131 0.0013711879 -0.0012265996 -0.0008022483 0.9999995 0.0005357659 0.0030386432 -0.0013707578 -0.00053686526 0.9999989 -0.15526035 0.0 0.0 0.0 1.0
09_000811 09_000809 0.9999882 -0.00047572126 -0.004838471 -0.00041094367 0.00045302536 0.9999889 -0.0046907347 -0.0015012948 0.0048406487 0.0046884874 0.9999773 0.055983778 0.0 0.0 0.0 1.0
00_003522 00_003524 0.99976575 0.0015888078 -0.021586196 -0.00023466564 -0.0015531209 0.9999974 0.0016698919 0.00014143146 0.021588793 -0.0016359747 0.9997656 -0.009779625 0.0 0.0 0.0 1.0
08_000534 08_000537 0.99997514 0.00633591 0.003087458 -0.00026280896 -0.0063473363 0.999973 0.0037052755 0.00040575926 -0.0030638983 -0.0037247806 0.9999884 -0.05427556 0.0 0.0 0.0 1.0
02_001206 02_001207 0.9999884 -0.004225771 -0.0023090253 0.00017952344 0.0042348583 0.99998325 0.0039448477 0.00036877237 0.0022923164 -0.0039545805 0.99998957 -0.018804897 0.0 0.0 0.0 1.0
06_000135 06_000137 0.99999905 -0.00053111976 0.0012674904 9.247351e-05 0.00053026923 0.99999964 0.0006712841 0.0010374365 -0.0012678466 -0.00067061133 0.999999 -0.050525792 0.0 0.0 0.0 1.0
02_003351 02_003346 0.99991465 -0.00077155203 0.0130416285 0.0011461892 0.00071898004 0.9999916 0.0040352982 8.638474e-05 -0.013044632 -0.004025577 0.99990684 0.07565279 0.0 0.0 0.0 1.0
09_000726 09_000721 0.99114347 -0.01600051 0.13182795 0.008487474 0.015961694 0.9998717 0.0013512135 -0.0021086817 -0.13183264 0.0007649508 0.9912717 0.09755448 0.0 0.0 0.0 1.0
09_000397 09_000402 0.9998777 -0.0016624696 0.015550541 0.0027255404 0.0018246371 0.99994403 -0.01042005 0.0031375126 -0.015532347 0.010447149 0.99982476 -0.09520281 0.0 0.0 0.0 1.0
00_001192 00_001188 0.9999509 0.005191788 0.0084436545 0.00020750405 -0.0052161147 0.9999823 0.00286163 -0.0010039324 -0.008428648 -0.0029055325 0.99996024 0.066952325 0.0 0.0 0.0 1.0
01_000911 01_000912 0.99960196 0.00037611753 -0.028208962 0.0007211725 -0.00031734144 0.9999978 0.0020880445 0.0005655685 0.028209683 -0.0020782615 0.9995999 -0.030228153 0.0 0.0 0.0 1.0
07_000698 07_000699 1.0 5.244803e-05 0.000118228054 -8.443532e-06 -5.244027e-05 1.0 -6.563643e-05 -5.7978377e-05 -0.000118231495 6.563022e-05 1.0 -8.240091e-06 0.0 0.0 0.0 1.0
02_002891 02_002887 0.99986887 -0.01342632 -0.009052959 -0.0012929933 0.013367276 0.9998892 -0.006551313 -0.0021302807 0.009139916 0.006429441 0.99993753 0.09492416 0.0 0.0 0.0 1.0
00_003196 00_003192 0.999995 -0.0009133287 -0.0030331095 -0.0009551377 0.00089114264 0.9999729 -0.007307944 -0.0017967573 0.0030397018 0.0073052044 0.9999687 0.094729915 0.0 0.0 0.0 1.0
02_001087 02_001092 0.9982697 -0.0033007928 0.058708984 -0.00011373633 0.003345562 0.99999416 -0.0006642826 0.0018627578 -0.05870645 0.0008595477 0.9982749 -0.07481389 0.0 0.0 0.0 1.0
