000c3ab189999a83 49716333 49716333 123.477562 219.515671 128.0 128.0 0.994582 0.007716 -0.103669 0.066855 -0.007079 0.999954 0.006514 0.050014 0.103715 -0.005744 0.994591 -2.286677 0.994582 0.007716 -0.103669 0.066855 -0.007079 0.999954 0.006514 0.050014 0.103715 -0.005744 0.994591 -2.286677
000c3ab189999a83 50917533 49716333 123.477562 219.515671 128.0 128.0 0.993883 0.006706 -0.110231 0.073218 -0.005853 0.99995 0.008058 0.075648 0.110279 -0.007364 0.993873 -2.812576 0.994582 0.007716 -0.103669 0.066855 -0.007079 0.999954 0.006514 0.050014 0.103715 -0.005744 0.994591 -2.286677
000db54a47bd43fe 229996433 231197633 120.641144 214.473145 128.0 128.0 0.988064 0.005702 -0.153936 -0.102394 -0.006693 0.99996 -0.005923 -0.000481 0.153896 0.006883 0.988063 -2.473474 0.993897 0.004452 -0.110226 -0.367285 -0.005352 0.999955 -0.007871 -0.014891 0.110186 0.008413 0.993875 -3.176877
000db54a47bd43fe 230997433 231197633 120.641144 214.473145 128.0 128.0 0.992186 0.004623 -0.124681 -0.315142 -0.005591 0.999957 -0.007412 -0.013018 0.124642 0.008051 0.992169 -3.062931 0.993897 0.004452 -0.110226 -0.367285 -0.005352 0.999955 -0.007871 -0.014891 0.110186 0.008413 0.993875 -3.176877
0017ce4c6a39d122 44978000 44778000 131.332672 233.480301 128.0 128.0 0.99406 0.019858 -0.107006 0.323817 -0.01846 0.999731 0.014041 -0.895206 0.107256 -0.011982 0.994159 -3.341399 0.995145 0.011145 -0.09779 0.30558 -0.009339 0.999778 0.018908 -0.929464 0.097979 -0.017903 0.995027 -3.128407
0017ce4c6a39d122 44778000 44778000 131.332672 233.480301 128.0 128.0 0.995145 0.011145 -0.09779 0.30558 -0.009339 0.999778 0.018908 -0.929464 0.097979 -0.017903 0.995027 -3.128407 0.995145 0.011145 -0.09779 0.30558 -0.009339 0.999778 0.018908 -0.929464 0.097979 -0.017903 0.995027 -3.128407
002ae53df0e0afe2 60810000 62062000 213.438751 379.446655 128.0 128.0 0.999019 0.009723 -0.043193 -0.533385 -0.008559 0.999597 0.027064 -0.016561 0.043438 -0.026668 0.9987 0.009231 0.988259 0.020272 -0.151437 -0.933474 -0.016362 0.999501 0.027023 -0.012491 0.151909 -0.024228 0.988097 -0.043311
002ae53df0e0afe2 62812000 62062000 213.438751 379.446655 128.0 128.0 0.976585 0.027389 -0.21338 -1.11699 -0.02246 0.999423 0.025489 -0.003851 0.213955 -0.020099 0.976637 -0.102793 0.988259 0.020272 -0.151437 -0.933474 -0.016362 0.999501 0.027023 -0.012491 0.151909 -0.024228 0.988097 -0.043311
004334c94bbc8bd5 157224000 156423000 128.26767 228.031418 128.0 128.0 0.984146 0.033384 -0.174191 0.255516 -0.031515 0.999412 0.01349 0.372637 0.174539 -0.007786 0.984619 -0.269045 0.985494 0.032124 -0.166641 0.201184 -0.030714 0.999467 0.01103 0.349365 0.166907 -0.005752 0.985956 -0.413492
004334c94bbc8bd5 157024000 156423000 128.26767 228.031418 128.0 128.0 0.984347 0.033303 -0.173064 0.228415 -0.031571 0.99942 0.012751 0.374852 0.173388 -0.007087 0.984828 -0.314028 0.985494 0.032124 -0.166641 0.201184 -0.030714 0.999467 0.01103 0.349365 0.166907 -0.005752 0.985956 -0.413492
0043978734eec081 55889167 54687967 129.762192 230.688339 128.0 128.0 0.639555 -0.122202 0.75897 -0.47708 0.094087 0.992305 0.080488 0.053681 -0.762966 0.019933 0.646132 -0.294464 0.887697 -0.07257 0.454672 -0.205883 0.059993 0.997313 0.042052 0.03896 -0.456502 -0.010052 0.889666 -0.259461
0043978734eec081 54087367 54687967 129.762192 230.688339 128.0 128.0 0.957062 -0.046538 0.286124 -0.115905 0.041818 0.99887 0.022587 0.025688 -0.286852 -0.009652 0.957926 -0.174134 0.887697 -0.07257 0.454672 -0.205883 0.059993 0.997313 0.042052 0.03896 -0.456502 -0.010052 0.889666 -0.259461
004dd4b46a06e5be 144911433 145512033 126.448868 224.797989 128.0 128.0 0.999992 -0.001885 -0.003438 0.015598 0.001907 0.999978 0.006324 -0.161936 0.003426 -0.00633 0.999974 0.016643 0.999995 -0.001005 -0.002872 0.016062 0.001029 0.999966 0.008156 -0.230143 0.002864 -0.008159 0.999963 0.037196
004dd4b46a06e5be 146513033 145512033 126.448868 224.797989 128.0 128.0 0.999997 0.001449 -0.001876 0.01549 -0.00143 0.999947 0.010177 -0.345933 0.001891 -0.010174 0.999946 0.09513 0.999995 -0.001005 -0.002872 0.016062 0.001029 0.999966 0.008156 -0.230143 0.002864 -0.008159 0.999963 0.037196
004e9db3337e8206 44177467 45178467 126.592873 225.053986 128.0 128.0 0.853754 -0.074245 0.515356 0.383786 0.080697 0.996689 0.009905 0.10381 -0.514385 0.033131 0.856919 -0.329919 0.808231 -0.094488 0.581236 0.575003 0.107684 0.994114 0.011868 0.179197 -0.578936 0.052998 0.813648 -0.743087
004e9db3337e8206 44778067 45178467 126.592873 225.053986 128.0 128.0 0.823777 -0.089366 0.559826 0.504741 0.100848 0.994847 0.010413 0.153678 -0.557872 0.047879 0.828545 -0.555743 0.808231 -0.094488 0.581236 0.575003 0.107684 0.994114 0.011868 0.179197 -0.578936 0.052998 0.813648 -0.743087
005dd9a58df1ba3c 148448300 147046900 127.354668 226.40831 128.0 128.0 0.728368 0.056148 -0.682882 3.448646 -0.061104 0.997989 0.016884 0.152093 0.682456 0.029429 0.730334 -2.122775 0.784896 0.049095 -0.617679 2.557044 -0.051161 0.998587 0.01436 0.128584 0.617512 0.02033 0.786299 -1.476578
005dd9a58df1ba3c 147046900 147046900 127.354668 226.40831 128.0 128.0 0.784896 0.049095 -0.617679 2.557044 -0.051161 0.998587 0.01436 0.128584 0.617512 0.02033 0.786299 -1.476578 0.784896 0.049095 -0.617679 2.557044 -0.051161 0.998587 0.01436 0.128584 0.617512 0.02033 0.786299 -1.476578
00620c2b77518524 82800000 82800000 126.241661 224.429611 128.0 128.0 0.98565 0.003821 -0.168761 -0.388805 -0.003391 0.99999 0.002834 -0.019138 0.16877 -0.002221 0.985653 0.613171 0.98565 0.003821 -0.168761 -0.388805 -0.003391 0.99999 0.002834 -0.019138 0.16877 -0.002221 0.985653 0.613171
00620c2b77518524 82600000 82800000 126.241661 224.429611 128.0 128.0 0.986963 0.00373 -0.160902 -0.366012 -0.003323 0.999991 0.002799 -0.018397 0.160911 -0.002228 0.986966 0.587277 0.98565 0.003821 -0.168761 -0.388805 -0.003391 0.99999 0.002834 -0.019138 0.16877 -0.002221 0.985653 0.613171
0068e97c1c1f61aa 57657574 56656573 132.769424 236.034515 128.0 128.0 0.085466 -0.054397 0.994855 -2.097136 0.04666 0.997631 0.050541 0.31902 -0.995248 0.042101 0.087802 1.864866 0.329059 -0.051955 0.942879 -2.164541 0.046767 0.998157 0.03868 0.19104 -0.943151 0.031368 0.330882 1.043031
0068e97c1c1f61aa 56456373 56656573 132.769424 236.034515 128.0 128.0 0.375923 -0.051147 0.925238 -2.149688 0.044928 0.998307 0.036932 0.174471 -0.925561 0.027685 0.377584 0.915207 0.329059 -0.051955 0.942879 -2.164541 0.046767 0.998157 0.03868 0.19104 -0.943151 0.031368 0.330882 1.043031
007876f71baf453f 122221000 121621000 129.098404 229.50827 128.0 128.0 0.957634 -0.162331 0.237878 0.146023 0.145551 0.985553 0.086602 -0.029336 -0.2485 -0.048309 0.967426 -2.00696 0.973987 -0.152818 0.167319 0.334029 0.141696 0.986944 0.076577 -0.022654 -0.176837 -0.050876 0.982924 -1.786325
007876f71baf453f 121220000 121621000 129.098404 229.50827 128.0 128.0 0.981974 -0.142564 0.124108 0.428727 0.134128 0.988205 0.073898 -0.042228 -0.13318 -0.055919 0.989513 -1.625359 0.973987 -0.152818 0.167319 0.334029 0.141696 0.986944 0.076577 -0.022654 -0.176837 -0.050876 0.982924 -1.786325
007b4ae7c05f2ea2 71237833 71638233 123.346268 219.282257 128.0 128.0 0.801776 0.00298 0.597618 -0.026903 0.065243 0.993574 -0.092487 0.109058 -0.594053 0.113144 0.796429 -1.758476 0.803521 0.001563 0.595274 0.009538 0.070639 0.992681 -0.097956 0.143676 -0.59107 0.120759 0.797529 -1.951205
007b4ae7c05f2ea2 73039633 71638233 123.346268 219.282257 128.0 128.0 0.823774 -0.000802 0.566917 0.217383 0.078319 0.990571 -0.112403 0.247945 -0.561482 0.136995 0.81607 -2.622092 0.803521 0.001563 0.595274 0.009538 0.070639 0.992681 -0.097956 0.143676 -0.59107 0.120759 0.797529 -1.951205
008cd8c450342e49 153786967 153786967 127.392471 226.475494 128.0 128.0 0.999947 0.006718 -0.007851 -0.03091 -0.003483 0.934488 0.355978 0.101707 0.009728 -0.355931 0.934461 -0.042358 0.999947 0.006718 -0.007851 -0.03091 -0.003483 0.934488 0.355978 0.101707 0.009728 -0.355931 0.934461 -0.042358
008cd8c450342e49 153586767 153786967 127.392471 226.475494 128.0 128.0 0.999965 0.006425 -0.00544 -0.0279 -0.004244 0.942752 0.333469 0.094 0.007271 -0.333434 0.942745 -0.039775 0.999947 0.006718 -0.007851 -0.03091 -0.003483 0.934488 0.355978 0.101707 0.009728 -0.355931 0.934461 -0.042358
0090cc64d7b7bb24 62462400 63463400 123.094788 218.83519 128.0 128.0 0.549144 -0.008474 0.835685 0.331384 0.042052 0.998962 -0.017504 -0.015978 -0.834669 0.044755 0.54893 -1.910723 0.697162 0.009269 0.716854 0.737342 0.023497 0.999084 -0.03577 -0.034186 -0.716529 0.041782 0.696305 -2.137294
0090cc64d7b7bb24 62262200 63463400 123.094788 218.83519 128.0 128.0 0.520848 -0.005398 0.853632 0.268476 0.036612 0.999201 -0.016021 -0.028713 -0.852864 0.039598 0.52063 -1.851758 0.697162 0.009269 0.716854 0.737342 0.023497 0.999084 -0.03577 -0.034186 -0.716529 0.041782 0.696305 -2.137294
0095ddd83beb3b8d 257423833 256623033 123.19239 219.008698 128.0 128.0 0.495662 0.141198 -0.856961 4.404713 -0.122877 0.988172 0.091746 0.027885 0.859779 0.059826 0.507149 0.314539 0.675185 0.130967 -0.725929 4.040974 -0.11135 0.990931 0.07521 0.068899 0.729196 0.030052 0.683645 -0.352194
0095ddd83beb3b8d 257824233 256623033 123.19239 219.008698 128.0 128.0 0.401107 0.144623 -0.904542 4.438273 -0.125747 0.986803 0.102014 0.006044 0.907359 0.072825 0.414 0.715632 0.675185 0.130967 -0.725929 4.040974 -0.11135 0.990931 0.07521 0.068899 0.729196 0.030052 0.683645 -0.352194
00969c45a093d43c 116983533 116783333 119.464836 212.381927 128.0 128.0 0.999988 0.002344 0.004206 -0.83571 -0.002351 0.999996 0.001732 -0.041152 -0.004202 -0.001742 0.99999 0.077531 0.999991 0.002216 0.003667 -0.739778 -0.002223 0.999996 0.001918 -0.037032 -0.003663 -0.001926 0.999991 0.066513
00969c45a093d43c 117784333 116783333 119.464836 212.381927 128.0 128.0 0.999985 0.002532 0.004797 -1.242941 -0.002543 0.999994 0.002211 -0.068234 -0.004792 -0.002223 0.999986 0.125075 0.999991 0.002216 0.003667 -0.739778 -0.002223 0.999996 0.001918 -0.037032 -0.003663 -0.001926 0.999991 0.066513
00a54225c5cb1913 86686000 86686000 128.628189 228.672333 128.0 128.0 0.994612 0.009192 -0.103262 -0.726409 -0.010261 0.999899 -0.009826 -0.015849 0.103161 0.010833 0.994606 -0.049403 0.994612 0.009192 -0.103262 -0.726409 -0.010261 0.999899 -0.009826 -0.015849 0.103161 0.010833 0.994606 -0.049403
00a54225c5cb1913 86886000 86686000 128.628189 228.672333 128.0 128.0 0.99393 0.009218 -0.10963 -0.77699 -0.010293 0.999904 -0.00924 -0.019243 0.109535 0.010312 0.99393 -0.053377 0.994612 0.009192 -0.103262 -0.726409 -0.010261 0.999899 -0.009826 -0.015849 0.103161 0.010833 0.994606 -0.049403
00a5a2af678f37d5 191057533 190256733 127.798744 227.197784 128.0 128.0 0.921155 -0.110808 0.373087 -0.156162 0.040433 0.980672 0.191434 -0.465772 -0.387089 -0.161256 0.907832 -1.361185 0.974852 -0.064344 0.213362 -0.045177 0.027072 0.984513 0.173211 -0.479319 -0.221203 -0.163079 0.961496 -1.106024
00a5a2af678f37d5 191257733 190256733 127.798744 227.197784 128.0 128.0 0.879862 -0.133651 0.456049 -0.261861 0.046754 0.979328 0.196801 -0.458872 -0.472925 -0.151836 0.867922 -1.407327 0.974852 -0.064344 0.213362 -0.045177 0.027072 0.984513 0.173211 -0.479319 -0.221203 -0.163079 0.961496 -1.106024
00ae21ab50209282 136803000 137805000 128.513885 228.469147 128.0 128.0 0.875571 -0.054235 0.480035 -0.973984 0.057195 0.998327 0.008471 -0.13174 -0.479691 0.020039 0.877208 2.046097 0.876501 -0.057798 0.477919 -0.948386 0.061708 0.998066 0.007531 -0.122249 -0.477429 0.02289 0.878372 2.368337
00ae21ab50209282 138205000 137805000 128.513885 228.469147 128.0 128.0 0.888241 -0.055612 0.455999 -0.976904 0.059255 0.998223 0.006317 -0.109216 -0.45554 0.021409 0.889958 2.463881 0.876501 -0.057798 0.477919 -0.948386 0.061708 0.998066 0.007531 -0.122249 -0.477429 0.02289 0.878372 2.368337
00beb03ef95dc637 141074267 141875067 129.544968 230.30217 128.0 128.0 0.976345 0.013309 -0.21581 0.437074 -0.012717 0.999911 0.004132 -0.169446 0.215846 -0.00129 0.976427 -1.880455 0.987657 0.003313 0.156596 0.043956 -0.003743 0.99999 0.002449 -0.223629 -0.156586 -0.003005 0.98766 -1.993605
00beb03ef95dc637 142275467 141875067 129.544968 230.30217 128.0 128.0 0.951066 1.3e-05 0.308988 -0.180567 -0.00126 0.999992 0.003835 -0.23502 -0.308985 -0.004036 0.951058 -2.111665 0.987657 0.003313 0.156596 0.043956 -0.003743 0.99999 0.002449 -0.223629 -0.156586 -0.003005 0.98766 -1.993605
00ca5123d8ff6f83 68535133 68735333 137.195236 243.902634 128.0 128.0 0.999986 0.005316 -0.000345 -0.455766 -0.005316 0.999986 -0.000197 -0.000822 0.000344 0.000199 1.0 0.042674 0.999983 0.005841 -6.9e-05 -0.50887 -0.00584 0.999983 0.000229 -0.001644 7.1e-05 -0.000228 1.0 0.046439
00ca5123d8ff6f83 68134733 68735333 137.195236 243.902634 128.0 128.0 0.999989 0.004639 -0.000912 -0.352659 -0.004639 0.999989 0.000131 -0.001888 0.000912 -0.000127 1.0 0.032594 0.999983 0.005841 -6.9e-05 -0.50887 -0.00584 0.999983 0.000229 -0.001644 7.1e-05 -0.000228 1.0 0.046439
00cf0a94235771bb 77452000 79704000 131.166962 233.185715 128.0 128.0 0.999998 -0.001454 0.001547 0.146608 0.001456 0.999998 -0.00141 0.000429 -0.001545 0.001412 0.999998 -0.04196 0.999986 -0.004799 0.002184 0.514941 0.004802 0.999987 -0.001705 0.000562 -0.002176 0.001715 0.999996 -0.084464
00cf0a94235771bb 77702000 79704000 131.166962 233.185715 128.0 128.0 0.999997 -0.00171 0.001802 0.178209 0.001713 0.999997 -0.001667 0.000448 -0.001799 0.00167 0.999997 -0.04576 0.999986 -0.004799 0.002184 0.514941 0.004802 0.999987 -0.001705 0.000562 -0.002176 0.001715 0.999996 -0.084464
00cfc0ecd345deb4 146179367 147981167 133.81311 237.889969 128.0 128.0 0.936846 -0.050503 0.346077 0.164213 0.053309 0.998577 0.001412 0.232847 -0.345656 0.017127 0.938205 -1.427205 0.866464 -0.06666 0.494769 -0.048873 0.078255 0.99693 -0.002729 0.497893 -0.493068 0.041083 0.86902 -2.966146
00cfc0ecd345deb4 147380567 147981167 133.81311 237.889969 128.0 128.0 0.86157 -0.06244 0.503784 -0.080168 0.070258 0.997523 0.003479 0.400732 -0.502754 0.032397 0.863822 -2.466767 0.866464 -0.06666 0.494769 -0.048873 0.078255 0.99693 -0.002729 0.497893 -0.493068 0.041083 0.86902 -2.966146
00d83c48cb78ec83 126392933 126793333 122.449081 217.687256 128.0 128.0 0.989953 -0.007805 0.141181 -0.022325 0.005381 0.999832 0.017538 0.0046 -0.141294 -0.016602 0.989828 -1.666851 0.996019 -0.004912 0.089008 0.073972 0.003125 0.999791 0.020206 0.001828 -0.089088 -0.019847 0.995826 -1.792329
00d83c48cb78ec83 127193733 126793333 122.449081 217.687256 128.0 128.0 0.999752 -0.00108 0.02226 0.205807 0.000648 0.999812 0.019388 -0.000405 -0.022276 -0.019369 0.999564 -1.889739 0.996019 -0.004912 0.089008 0.073972 0.003125 0.999791 0.020206 0.001828 -0.089088 -0.019847 0.995826 -1.792329
00e12e215c028984 41207833 40957589 114.613892 203.758026 128.0 128.0 0.999427 0.003488 -0.033657 0.089221 -0.00342 0.999992 0.00208 -0.003707 0.033664 -0.001964 0.999431 -0.122978 0.999553 0.003493 -0.029677 0.078791 -0.003437 0.999992 0.001909 -0.003728 0.029683 -0.001806 0.999558 -0.112093
00e12e215c028984 42459089 40957589 114.613892 203.758026 128.0 128.0 0.998629 0.004902 -0.052112 0.143097 -0.004741 0.999984 0.003201 -0.007076 0.052126 -0.00295 0.998636 -0.17748 0.999553 0.003493 -0.029677 0.078791 -0.003437 0.999992 0.001909 -0.003728 0.029683 -0.001806 0.999558 -0.112093
00e8df74b6805da7 204871371 204270771 145.665695 258.961273 128.0 128.0 0.981042 -0.007831 0.193636 0.235735 0.004191 0.999807 0.019202 0.286478 -0.193749 -0.018026 0.980886 -1.716373 0.997138 0.011768 0.074678 0.42189 -0.012815 0.999826 0.013563 0.202405 -0.074506 -0.014481 0.997115 -1.277608
00e8df74b6805da7 205672172 204270771 145.665695 258.961273 128.0 128.0 0.886852 -0.054118 0.458873 -0.6011 0.04344 0.998484 0.033802 0.3608 -0.460006 -0.010044 0.887859 -2.108334 0.997138 0.011768 0.074678 0.42189 -0.012815 0.999826 0.013563 0.202405 -0.074506 -0.014481 0.997115 -1.277608
0122933cf8ab3317 59993267 58992267 122.398888 217.598007 128.0 128.0 0.781725 0.034584 -0.622663 2.776135 -0.041573 0.99913 0.003302 0.021089 0.622235 0.023305 0.782483 -3.111415 0.858596 0.029039 -0.51183 2.217605 -0.029466 0.999539 0.00728 -0.052572 0.511805 0.008831 0.859056 -2.831724
0122933cf8ab3317 60393667 58992267 122.398888 217.598007 128.0 128.0 0.752401 0.035695 -0.657737 2.977694 -0.045238 0.998973 0.002465 0.041187 0.65715 0.0279 0.753244 -3.213447 0.858596 0.029039 -0.51183 2.217605 -0.029466 0.999539 0.00728 -0.052572 0.511805 0.008831 0.859056 -2.831724
0131c9aed0fb3940 45345000 44344000 151.784424 269.838959 128.0 128.0 0.99994 0.002408 -0.010733 0.079019 -0.002289 0.999936 0.011045 -1.023922 0.010759 -0.011019 0.999881 5.458943 0.999931 0.002546 -0.01151 0.074703 -0.002419 0.999936 0.011029 -0.819716 0.011537 -0.011001 0.999873 4.288417
0131c9aed0fb3940 44344000 44344000 151.784424 269.838959 128.0 128.0 0.999931 0.002546 -0.01151 0.074703 -0.002419 0.999936 0.011029 -0.819716 0.011537 -0.011001 0.999873 4.288417 0.999931 0.002546 -0.01151 0.074703 -0.002419 0.999936 0.011029 -0.819716 0.011537 -0.011001 0.999873 4.288417
0134d6a876481ed8 173006167 173406567 132.437088 235.44371 128.0 128.0 0.968756 0.004227 -0.247981 -0.138673 -0.004292 0.999991 0.00028 -0.051441 0.24798 0.000793 0.968765 -0.002109 0.952593 0.00536 -0.304202 -0.178896 -0.007547 0.999953 -0.006015 -0.051994 0.304155 0.008026 0.952589 -0.023639
0134d6a876481ed8 172805967 173406567 132.437088 235.44371 128.0 128.0 0.97556 0.003332 -0.219707 -0.120558 -0.002993 0.999994 0.001878 -0.047383 0.219712 -0.001175 0.975564 0.008249 0.952593 0.00536 -0.304202 -0.178896 -0.007547 0.999953 -0.006015 -0.051994 0.304155 0.008026 0.952589 -0.023639
0145c694b53b120d 317250267 317250267 149.908813 266.504578 128.0 128.0 0.998942 0.002128 0.045945 -0.014235 -0.001574 0.999926 -0.012096 0.22092 -0.045968 0.012011 0.998871 0.899415 0.998942 0.002128 0.045945 -0.014235 -0.001574 0.999926 -0.012096 0.22092 -0.045968 0.012011 0.998871 0.899415
0145c694b53b120d 317850867 317250267 149.908813 266.504578 128.0 128.0 0.998478 0.002204 0.05511 -0.070678 -0.001318 0.999869 -0.016115 0.218753 -0.055139 0.016018 0.99835 1.04507 0.998942 0.002128 0.045945 -0.014235 -0.001574 0.999926 -0.012096 0.22092 -0.045968 0.012011 0.998871 0.899415
01497290d8b93a9b 56156100 55555500 124.419907 221.190933 128.0 128.0 0.949879 0.052708 -0.308143 -0.762287 -0.031103 0.996727 0.074613 0.134793 0.311067 -0.061289 0.94841 -1.907433 0.95606 0.05278 -0.288381 -0.836286 -0.040249 0.997977 0.049215 0.155673 0.290395 -0.035445 0.95625 -1.735208
01497290d8b93a9b 54354300 55555500 124.419907 221.190933 128.0 128.0 0.961675 0.05303 -0.269016 -0.828443 -0.047071 0.998483 0.028558 0.145399 0.270122 -0.014801 0.962712 -1.34985 0.95606 0.05278 -0.288381 -0.836286 -0.040249 0.997977 0.049215 0.155673 0.290395 -0.035445 0.95625 -1.735208
015631b21f792a12 113913800 112712600 137.989792 245.315186 128.0 128.0 0.999995 -0.003107 -0.000881 -0.02864 0.003153 0.998376 0.056882 -0.986665 0.000703 -0.056884 0.998381 -0.003273 0.999995 -0.001953 -0.002416 -0.01506 0.002057 0.999029 0.044017 -0.661987 0.002327 -0.044022 0.999028 -0.076452
015631b21f792a12 113113000 112712600 137.989792 245.315186 128.0 128.0 0.999988 -0.003109 -0.00372 -0.021848 0.003291 0.998748 0.049922 -0.78335 0.00356 -0.049934 0.998746 -0.057746 0.999995 -0.001953 -0.002416 -0.01506 0.002057 0.999029 0.044017 -0.661987 0.002327 -0.044022 0.999028 -0.076452
01570ac1c73e9ca2 38238200 37437400 127.945541 227.45874 128.0 128.0 0.940816 -0.042536 0.336237 -1.734688 0.040863 0.999092 0.012053 0.192276 -0.336445 0.0024 0.9417 -1.640256 0.996852 -0.010356 0.078606 -1.078317 0.010883 0.999921 -0.006268 0.255057 -0.078535 0.007104 0.996886 -1.887843
01570ac1c73e9ca2 37637600 37437400 127.945541 227.45874 128.0 128.0 0.988828 -0.018934 0.147857 -1.262528 0.019671 0.9998 -0.00352 0.245724 -0.14776 0.006389 0.989003 -1.841354 0.996852 -0.010356 0.078606 -1.078317 0.010883 0.999921 -0.006268 0.255057 -0.078535 0.007104 0.996886 -1.887843
015d8a2a2834d38c 142075409 142075409 120.936493 214.998215 128.0 128.0 0.921442 -0.116267 0.370712 -0.913709 0.056098 0.983989 0.169171 -1.425274 -0.384445 -0.135085 0.913211 -2.662352 0.921442 -0.116267 0.370712 -0.913709 0.056098 0.983989 0.169171 -1.425274 -0.384445 -0.135085 0.913211 -2.662352
015d8a2a2834d38c 143877211 142075409 120.936493 214.998215 128.0 128.0 0.625083 -0.21611 0.750045 -1.529013 0.067287 0.97225 0.224057 -1.788375 -0.777653 -0.089586 0.622279 -3.170095 0.921442 -0.116267 0.370712 -0.913709 0.056098 0.983989 0.169171 -1.425274 -0.384445 -0.135085 0.913211 -2.662352
0181b66a65650830 199065533 199666133 122.305992 217.432877 128.0 128.0 0.925754 0.003832 -0.378108 0.333099 -0.004347 0.99999 -0.000509 -0.012703 0.378102 0.002114 0.925761 -0.970941 0.875041 0.011134 -0.483921 0.489955 -0.013816 0.999903 -0.001976 -0.005337 0.483852 0.008414 0.875109 -1.22752
0181b66a65650830 200266733 199666133 122.305992 217.432877 128.0 128.0 0.834781 0.025783 -0.549978 0.584922 -0.025867 0.999637 0.0076 -0.009502 0.549974 0.007881 0.835145 -1.488377 0.875041 0.011134 -0.483921 0.489955 -0.013816 0.999903 -0.001976 -0.005337 0.483852 0.008414 0.875109 -1.22752
0181d3b41c2cf87c 139806333 139806333 128.986526 229.309357 128.0 128.0 0.993416 0.001556 -0.114553 1.046214 -0.000795 0.999977 0.006684 0.005265 0.11456 -0.006549 0.993395 -1.919262 0.993416 0.001556 -0.114553 1.046214 -0.000795 0.999977 0.006684 0.005265 0.11456 -0.006549 0.993395 -1.919262
0181d3b41c2cf87c 140006533 139806333 128.986526 229.309357 128.0 128.0 0.989206 0.003894 -0.14648 1.143747 -0.002808 0.999967 0.00762 0.004385 0.146505 -0.007126 0.989184 -1.934176 0.993416 0.001556 -0.114553 1.046214 -0.000795 0.999977 0.006684 0.005265 0.11456 -0.006549 0.993395 -1.919262
01842c6b21e1d679 220386833 219786233 127.537727 226.733719 128.0 128.0 0.995994 0.008829 -0.088982 2.075968 -0.007646 0.999878 0.01363 0.184941 0.089092 -0.012895 0.99594 -2.32882 0.995426 0.009792 -0.095038 1.85951 -0.008656 0.999886 0.012358 0.106654 0.095148 -0.011479 0.995397 -2.041521
01842c6b21e1d679 219986433 219786233 127.537727 226.733719 128.0 128.0 0.995591 0.009023 -0.093365 1.945247 -0.007839 0.999884 0.013043 0.142375 0.093472 -0.012254 0.995547 -2.145331 0.995426 0.009792 -0.095038 1.85951 -0.008656 0.999886 0.012358 0.106654 0.095148 -0.011479 0.995397 -2.041521
01866b81c3b90f2c 33866667 33866667 146.855469 261.076385 128.0 128.0 0.993167 -0.077488 0.087262 -0.065623 0.089763 0.985071 -0.146897 0.094302 -0.074577 0.153726 0.985295 -0.094944 0.993167 -0.077488 0.087262 -0.065623 0.089763 0.985071 -0.146897 0.094302 -0.074577 0.153726 0.985295 -0.094944
01866b81c3b90f2c 34866667 33866667 146.855469 261.076385 128.0 128.0 0.984993 -0.107255 0.135221 -0.127522 0.133633 0.969758 -0.204232 0.151761 -0.109227 0.219237 0.969538 -0.153617 0.993167 -0.077488 0.087262 -0.065623 0.089763 0.985071 -0.146897 0.094302 -0.074577 0.153726 0.985295 -0.094944
018f7907401f2fef 159492667 160693867 121.033707 215.171036 128.0 128.0 0.811314 -0.060285 0.581495 -0.546273 0.047327 0.998177 0.037451 -0.036738 -0.582692 -0.002864 0.812688 -1.110012 0.739405 -0.063415 0.670267 -0.678531 0.052694 0.997951 0.036288 -0.029975 -0.671195 0.008488 0.741232 -1.4472
018f7907401f2fef 159692867 160693867 121.033707 215.171036 128.0 128.0 0.799724 -0.061841 0.597174 -0.570432 0.048407 0.998084 0.038532 -0.038083 -0.598413 -0.001907 0.801186 -1.165535 0.739405 -0.063415 0.670267 -0.678531 0.052694 0.997951 0.036288 -0.029975 -0.671195 0.008488 0.741232 -1.4472
0190fe72a727c853 109542767 108741967 122.040955 216.9617 128.0 128.0 0.999678 -0.025368 0.000297 0.004641 0.025368 0.999678 -0.000613 0.973322 -0.000281 0.00062 1.0 0.041876 0.999817 -0.01911 -0.000343 0.032927 0.01911 0.999817 5e-05 0.699732 0.000342 -5.6e-05 1.0 0.043268
0190fe72a727c853 110343567 108741967 122.040955 216.9617 128.0 128.0 0.999547 -0.030076 0.000897 -0.004934 0.030077 0.999547 -0.001147 1.207747 -0.000862 0.001173 0.999999 0.056109 0.999817 -0.01911 -0.000343 0.032927 0.01911 0.999817 5e-05 0.699732 0.000342 -5.6e-05 1.0 0.043268
0196dedebec3dad2 106606500 106606500 120.625038 214.444504 128.0 128.0 0.789265 0.084809 -0.608169 0.306699 -0.085139 0.995964 0.028395 0.288195 0.608122 0.029368 0.7933 -1.737501 0.789265 0.084809 -0.608169 0.306699 -0.085139 0.995964 0.028395 0.288195 0.608122 0.029368 0.7933 -1.737501
0196dedebec3dad2 106406300 106606500 120.625038 214.444504 128.0 128.0 0.772734 0.086972 -0.628743 0.360391 -0.089614 0.995595 0.02758 0.284134 0.628371 0.035032 0.777124 -1.680118 0.789265 0.084809 -0.608169 0.306699 -0.085139 0.995964 0.028395 0.288195 0.608122 0.029368 0.7933 -1.737501
01a2277ee817b310 106105000 107307000 131.613541 233.979645 128.0 128.0 0.903096 0.089887 0.419925 -0.167923 -0.039942 0.991192 -0.12627 0.009408 -0.427576 0.097261 0.898732 -0.649425 0.864391 0.106237 0.49147 -0.247909 -0.009901 0.980832 -0.194604 0.00447 -0.502723 0.163348 0.848874 -1.159328
01a2277ee817b310 107107000 107307000 131.613541 233.979645 128.0 128.0 0.870978 0.102701 0.480468 -0.222024 -0.013391 0.982508 -0.185738 -0.00552 -0.491139 0.15534 0.857118 -1.079727 0.864391 0.106237 0.49147 -0.247909 -0.009901 0.980832 -0.194604 0.00447 -0.502723 0.163348 0.848874 -1.159328
01a5cc3805e94c21 112212100 111010900 122.812462 218.333267 128.0 128.0 0.786429 -0.03116 0.616894 -0.946695 0.060249 0.997834 -0.026404 0.222348 -0.614735 0.057932 0.786603 -5.050789 0.807053 -0.021245 0.590097 -0.827835 0.04929 0.998289 -0.031471 0.132639 -0.588418 0.054485 0.806719 -3.789716
01a5cc3805e94c21 112011900 111010900 122.812462 218.333267 128.0 128.0 0.787978 -0.031777 0.614883 -0.929579 0.062308 0.997656 -0.02829 0.224486 -0.612543 0.060605 0.78811 -4.84292 0.807053 -0.021245 0.590097 -0.827835 0.04929 0.998289 -0.031471 0.132639 -0.588418 0.054485 0.806719 -3.789716
01a628e2c509b823 52419033 53420033 123.750145 220.000244 128.0 128.0 0.839681 0.074131 -0.537997 0.780515 -0.084498 0.996409 0.005417 0.213546 0.536467 0.040911 0.842929 -1.294207 0.671107 0.103133 -0.734152 1.365057 -0.115785 0.992705 0.033611 0.249766 0.732263 0.062447 0.678153 -1.539568
01a628e2c509b823 52819433 53420033 123.750145 220.000244 128.0 128.0 0.773776 0.087186 -0.627431 1.01654 -0.099815 0.994891 0.015151 0.236281 0.625546 0.050904 0.778525 -1.399092 0.671107 0.103133 -0.734152 1.365057 -0.115785 0.992705 0.033611 0.249766 0.732263 0.062447 0.678153 -1.539568
01aaf4ebb084dc16 230330100 228528300 121.251114 215.557556 128.0 128.0 0.428315 0.055436 -0.901928 1.705978 -0.034226 0.998395 0.045111 0.120135 0.902981 0.011548 0.429525 -3.345345 0.619498 0.054796 -0.783083 0.871536 -0.032293 0.998495 0.044323 0.077972 0.784334 -0.00217 0.620335 -2.530709
01aaf4ebb084dc16 228928700 228528300 121.251114 215.557556 128.0 128.0 0.569402 0.052258 -0.820397 1.079713 -0.03318 0.998625 0.040581 0.094585 0.821389 0.004114 0.570353 -2.734501 0.619498 0.054796 -0.783083 0.871536 -0.032293 0.998495 0.044323 0.077972 0.784334 -0.00217 0.620335 -2.530709
01b08e2f20321127 155221733 156623133 131.415512 233.627563 128.0 128.0 0.865672 0.028474 -0.4998 -0.404703 -0.031502 0.999501 0.00238 -0.013925 0.499619 0.013684 0.866137 0.077769 0.613268 0.043145 -0.788695 -0.823305 -0.050997 0.998587 0.014974 -0.061014 0.788227 0.031038 0.614602 -0.138307
01b08e2f20321127 156422933 156623133 131.415512 233.627563 128.0 128.0 0.665897 0.041664 -0.744879 -0.763718 -0.048628 0.99874 0.012392 -0.057944 0.744457 0.02797 0.667084 -0.086256 0.613268 0.043145 -0.788695 -0.823305 -0.050997 0.998587 0.014974 -0.061014 0.788227 0.031038 0.614602 -0.138307
01be77405b16df11 78111367 78111367 132.882904 236.236252 128.0 128.0 0.982736 0.020578 -0.183864 -0.108323 -0.02023 0.999788 0.003765 0.086083 0.183902 2e-05 0.982945 -1.762294 0.982736 0.020578 -0.183864 -0.108323 -0.02023 0.999788 0.003765 0.086083 0.183902 2e-05 0.982945 -1.762294
01be77405b16df11 76910167 78111367 132.882904 236.236252 128.0 128.0 0.988256 0.005495 -0.152709 -0.097922 -0.004314 0.999958 0.008067 0.051442 0.152747 -0.007313 0.988238 -1.008525 0.982736 0.020578 -0.183864 -0.108323 -0.02023 0.999788 0.003765 0.086083 0.183902 2e-05 0.982945 -1.762294
01cefee9563f691a 146112000 144911000 122.841339 218.384613 128.0 128.0 0.738272 0.057169 -0.672076 1.036142 -0.079603 0.996823 -0.002651 -0.076505 0.669789 0.055457 0.740478 -2.834786 0.958618 0.039198 -0.281984 -0.293498 -0.044267 0.998952 -0.011626 -0.084936 0.281233 0.023627 0.959349 -2.215055
01cefee9563f691a 145712000 144911000 122.841339 218.384613 128.0 128.0 0.839775 0.05382 -0.540261 0.472023 -0.069045 0.997582 -0.007944 -0.073884 0.538527 0.043974 0.84146 -2.74895 0.958618 0.039198 -0.281984 -0.293498 -0.044267 0.998952 -0.011626 -0.084936 0.281233 0.023627 0.959349 -2.215055
01cf2d900cb03afb 328194533 328594933 124.457832 221.258392 128.0 128.0 0.827808 -0.007478 -0.560962 -0.165601 -0.022701 0.998646 -0.046813 -0.023701 0.560552 0.051486 0.826517 0.217641 0.800039 -0.006658 -0.599911 -0.189463 -0.025258 0.998678 -0.044768 -0.031894 0.599416 0.050968 0.798813 0.254393
01cf2d900cb03afb 327593933 328594933 124.457832 221.258392 128.0 128.0 0.878794 0.003322 -0.477189 -0.111772 -0.025531 0.998871 -0.040066 -0.016932 0.476517 0.047393 0.877887 0.159538 0.800039 -0.006658 -0.599911 -0.189463 -0.025258 0.998678 -0.044768 -0.031894 0.599416 0.050968 0.798813 0.254393
01cf55ae3e378faf 171404567 171804967 116.082855 206.369507 128.0 128.0 0.999987 0.001908 0.00476 0.271712 -0.001957 0.999946 0.010161 -0.907502 -0.004741 -0.010171 0.999937 -1.106947 0.999982 0.003013 0.005096 0.308103 -0.003063 0.999946 0.009963 -1.016476 -0.005066 -0.009978 0.999937 -1.216667
01cf55ae3e378faf 171804967 171804967 116.082855 206.369507 128.0 128.0 0.999982 0.003013 0.005096 0.308103 -0.003063 0.999946 0.009963 -1.016476 -0.005066 -0.009978 0.999937 -1.216667 0.999982 0.003013 0.005096 0.308103 -0.003063 0.999946 0.009963 -1.016476 -0.005066 -0.009978 0.999937 -1.216667
01e18dbbf22ff263 218151267 218151267 123.878479 220.228409 128.0 128.0 0.928447 0.012273 0.371263 -0.244208 -0.009573 0.999913 -0.009115 0.007171 -0.371343 0.004908 0.928483 -1.660124 0.928447 0.012273 0.371263 -0.244208 -0.009573 0.999913 -0.009115 0.007171 -0.371343 0.004908 0.928483 -1.660124
01e18dbbf22ff263 218351467 218151267 123.878479 220.228409 128.0 128.0 0.916037 0.011941 0.400916 -0.307017 -0.009451 0.999922 -0.008189 0.004644 -0.400983 0.003713 0.916078 -1.788519 0.928447 0.012273 0.371263 -0.244208 -0.009573 0.999913 -0.009115 0.007171 -0.371343 0.004908 0.928483 -1.660124
01eca393f86d37c5 92926167 92325567 119.875069 213.111252 128.0 128.0 0.995253 -0.007657 0.09702 0.187964 0.007039 0.999953 0.006704 0.231967 -0.097067 -0.005989 0.99526 -2.230805 0.995265 -0.007665 0.096893 0.150603 0.007492 0.99997 0.002152 0.226793 -0.096906 -0.001416 0.995292 -1.939399
01eca393f86d37c5 93126367 92325567 119.875069 213.111252 128.0 128.0 0.995256 -0.007736 0.096986 0.200087 0.007098 0.999951 0.006925 0.228683 -0.097035 -0.006204 0.995262 -2.328719 0.995265 -0.007665 0.096893 0.150603 0.007492 0.99997 0.002152 0.226793 -0.096906 -0.001416 0.995292 -1.939399
01f7915dce639515 76709967 76509767 128.957474 229.257736 128.0 128.0 0.999996 0.001603 0.002379 -0.11881 -0.001602 0.999999 -0.000154 -0.001766 -0.002379 0.00015 0.999997 0.016927 0.999997 0.001334 0.001901 -0.105932 -0.001334 0.999999 6.2e-05 -0.001934 -0.001901 -6.4e-05 0.999998 0.014757
01f7915dce639515 76509767 76509767 128.957474 229.257736 128.0 128.0 0.999997 0.001334 0.001901 -0.105932 -0.001334 0.999999 6.2e-05 -0.001934 -0.001901 -6.4e-05 0.999998 0.014757 0.999997 0.001334 0.001901 -0.105932 -0.001334 0.999999 6.2e-05 -0.001934 -0.001901 -6.4e-05 0.999998 0.014757
01fa6190cd47d125 280580300 280980700 124.816658 221.896301 128.0 128.0 0.996059 0.001081 -0.088681 -0.708863 -0.000509 0.999979 0.006477 -0.078807 0.088686 -0.006406 0.996039 -2.800756 0.990027 0.00132 -0.140873 -0.59371 -0.00029 0.999973 0.007329 -0.076376 0.140878 -0.007215 0.990001 -3.050913
01fa6190cd47d125 281581300 280980700 124.816658 221.896301 128.0 128.0 0.973812 0.001089 -0.227352 -0.331456 0.000631 0.999972 0.007495 -0.096623 0.227354 -0.007442 0.973784 -3.434386 0.990027 0.00132 -0.140873 -0.59371 -0.00029 0.999973 0.007329 -0.076376 0.140878 -0.007215 0.990001 -3.050913
01fe225e2f261d1a 129996533 130396933 140.736435 250.19809 128.0 128.0 0.999998 -0.000977 -0.001996 0.038 0.000982 0.999997 0.002244 -0.011051 0.001994 -0.002246 0.999995 -0.040361 0.999995 -0.001057 -0.003029 0.061988 0.001064 0.999997 0.002236 -0.011056 0.003027 -0.002239 0.999993 -0.058447
01fe225e2f261d1a 131397933 130396933 140.736435 250.19809 128.0 128.0 0.999986 -0.001674 -0.004963 0.116104 0.001686 0.999995 0.002495 -0.01206 0.004959 -0.002503 0.999985 -0.099179 0.999995 -0.001057 -0.003029 0.061988 0.001064 0.999997 0.002236 -0.011056 0.003027 -0.002239 0.999993 -0.058447
020991bdfbdbe504 123790333 123990533 124.822693 221.907028 128.0 128.0 0.95926 0.066645 -0.274553 0.083562 -0.074432 0.997063 -0.018031 0.324464 0.272545 0.037732 0.961403 -2.200999 0.947131 0.07734 -0.311386 0.166074 -0.086638 0.996109 -0.016117 0.348212 0.308928 0.042243 0.950147 -2.327241
020991bdfbdbe504 124991533 123990533 124.822693 221.907028 128.0 128.0 0.88155 0.07713 -0.465747 0.58372 -0.105073 0.993873 -0.034289 0.489368 0.460249 0.079165 0.884253 -2.696094 0.947131 0.07734 -0.311386 0.166074 -0.086638 0.996109 -0.016117 0.348212 0.308928 0.042243 0.950147 -2.327241
020a41f988981396 68936000 69936000 127.941963 227.452393 128.0 128.0 1.0 -0.000471 -0.000528 -0.035455 0.000471 1.0 -0.000188 0.068634 0.000528 0.000188 1.0 -0.346546 0.999999 -0.000808 -0.001382 0.05325 0.000807 1.0 -0.000285 0.109739 0.001382 0.000284 0.999999 -0.56256
020a41f988981396 69336000 69936000 127.941963 227.452393 128.0 128.0 1.0 -0.000345 -0.000619 -0.013943 0.000345 1.0 -2.1e-05 0.085211 0.000619 2.1e-05 1.0 -0.439551 0.999999 -0.000808 -0.001382 0.05325 0.000807 1.0 -0.000285 0.109739 0.001382 0.000284 0.999999 -0.56256
021575237abe0684 157198000 156448000 128.513397 228.468262 128.0 128.0 0.999988 -0.002272 -0.004397 0.159116 0.002263 0.999995 -0.002155 0.289607 0.004401 0.002145 0.999988 -0.436379 0.99999 -0.002331 -0.003852 0.117617 0.002323 0.999995 -0.002068 0.219318 0.003857 0.002059 0.99999 -0.30825
021575237abe0684 156448000 156448000 128.513397 228.468262 128.0 128.0 0.99999 -0.002331 -0.003852 0.117617 0.002323 0.999995 -0.002068 0.219318 0.003857 0.002059 0.99999 -0.30825 0.99999 -0.002331 -0.003852 0.117617 0.002323 0.999995 -0.002068 0.219318 0.003857 0.002059 0.99999 -0.30825
021d7121906d6cab 73640233 73239833 122.566307 217.895645 128.0 128.0 0.086015 0.151851 -0.984654 0.59048 -0.066132 0.987007 0.146437 -0.408186 0.994097 0.052522 0.09494 0.976557 0.158166 0.14449 -0.976784 0.786196 -0.071109 0.988334 0.134684 -0.421649 0.984849 0.048156 0.166595 0.896138
021d7121906d6cab 73039633 73239833 122.566307 217.895645 128.0 128.0 0.194349 0.136919 -0.97133 0.880742 -0.072465 0.989509 0.124983 -0.424365 0.978252 0.046097 0.202232 0.847524 0.158166 0.14449 -0.976784 0.786196 -0.071109 0.988334 0.134684 -0.421649 0.984849 0.048156 0.166595 0.896138
0223924f43297881 37370667 36369667 146.612823 260.64502 128.0 128.0 0.933607 -0.002557 0.35829 -0.596393 0.005989 0.999946 -0.008468 -0.022574 -0.358249 0.010052 0.933572 -1.469322 0.958949 -0.002663 0.283566 -0.505946 0.004837 0.999964 -0.006968 -0.028352 -0.283537 0.008054 0.958927 -1.290128
0223924f43297881 37170467 36369667 146.612823 260.64502 128.0 128.0 0.939214 -0.002764 0.34332 -0.574618 0.005874 0.999951 -0.008018 -0.025087 -0.343281 0.009547 0.939184 -1.43332 0.958949 -0.002663 0.283566 -0.505946 0.004837 0.999964 -0.006968 -0.028352 -0.283537 0.008054 0.958927 -1.290128
02241c9f162966e3 108008000 107207200 128.177338 227.870819 128.0 128.0 0.99997 0.00707 0.003221 0.086424 -0.006131 0.972735 -0.231837 0.841311 -0.004773 0.231811 0.972749 -1.233955 0.999991 0.003752 0.001861 0.067359 -0.003255 0.975882 -0.218272 0.684993 -0.002635 0.218264 0.975886 -0.995748
02241c9f162966e3 107007000 107207200 128.177338 227.870819 128.0 128.0 0.999996 0.002604 0.000628 0.052041 -0.002413 0.977554 -0.210671 0.642415 -0.001162 0.210669 0.977557 -0.922437 0.999991 0.003752 0.001861 0.067359 -0.003255 0.975882 -0.218272 0.684993 -0.002635 0.218264 0.975886 -0.995748
022a21a897f2a904 140607133 141007533 123.580368 219.69841 128.0 128.0 0.867228 0.012107 -0.497764 0.593618 -0.01392 0.999903 6.8e-05 -0.028993 0.497716 0.006869 0.867313 -0.649836 0.830139 0.01271 -0.557412 0.673723 -0.013945 0.999901 0.002032 -0.035284 0.557382 0.006087 0.830234 -0.696892
022a21a897f2a904 140807333 141007533 123.580368 219.69841 128.0 128.0 0.849121 0.012388 -0.528053 0.634985 -0.013913 0.999903 0.001085 -0.032978 0.528015 0.006425 0.849211 -0.675841 0.830139 0.01271 -0.557412 0.673723 -0.013945 0.999901 0.002032 -0.035284 0.557382 0.006087 0.830234 -0.696892
024152256b6bcac7 90156733 90757333 121.18203 215.434708 128.0 128.0 0.56202 0.144292 -0.81444 -1.998381 -0.055799 0.989037 0.13672 -0.007332 0.825239 -0.031395 0.56391 -2.192661 0.600657 0.139602 -0.787224 -2.398725 -0.053141 0.989431 0.134914 -0.040777 0.797738 -0.039203 0.601728 -2.26991
024152256b6bcac7 90557133 90757333 121.18203 215.434708 128.0 128.0 0.585345 0.141624 -0.798319 -2.262413 -0.054193 0.989258 0.135761 -0.024285 0.808971 -0.036204 0.586733 -2.2471 0.600657 0.139602 -0.787224 -2.398725 -0.053141 0.989431 0.134914 -0.040777 0.797738 -0.039203 0.601728 -2.26991
024908906fadb408 197030167 196029167 185.295883 329.414886 128.0 128.0 0.999687 0.004136 0.024667 -0.001692 -0.00544 0.998578 0.053024 -0.738374 -0.024412 -0.053141 0.998289 0.025512 0.99988 -0.001818 0.015356 0.008179 0.001134 0.999012 0.04442 -0.562089 -0.015422 -0.044397 0.998895 -0.036605
024908906fadb408 196429567 196029167 185.295883 329.414886 128.0 128.0 0.999818 0.000597 0.01907 0.004785 -0.001515 0.998838 0.04817 -0.636912 -0.019019 -0.04819 0.998657 -0.015882 0.99988 -0.001818 0.015356 0.008179 0.001134 0.999012 0.04442 -0.562089 -0.015422 -0.044397 0.998895 -0.036605
025192166c704a39 44544500 44544500 165.894104 294.922852 128.0 128.0 0.999988 -0.002008 -0.004361 0.263296 0.002052 0.999946 0.010138 0.089743 0.004341 -0.010147 0.999939 -2.461179 0.999988 -0.002008 -0.004361 0.263296 0.002052 0.999946 0.010138 0.089743 0.004341 -0.010147 0.999939 -2.461179
025192166c704a39 43543500 44544500 165.894104 294.922852 128.0 128.0 0.99997 -0.003582 -0.006813 0.23527 0.003636 0.999961 0.007991 0.165377 0.006784 -0.008015 0.999945 -1.764402 0.999988 -0.002008 -0.004361 0.263296 0.002052 0.999946 0.010138 0.089743 0.004341 -0.010147 0.999939 -2.461179
02679535c5f06a19 46513133 46312933 128.06279 227.66716 128.0 128.0 0.999998 -0.001889 0.001048 0.105279 0.001891 0.999996 -0.001881 0.002833 -0.001045 0.001883 0.999998 0.003358 0.999998 -0.001686 0.001018 0.096425 0.001688 0.999997 -0.001694 0.00279 -0.001015 0.001696 0.999998 0.003298
02679535c5f06a19 45111733 46312933 128.06279 227.66716 128.0 128.0 0.999999 -0.000958 0.001335 0.037262 0.00096 0.999999 -0.00126 0.00246 -0.001334 0.001262 0.999998 0.002919 0.999998 -0.001686 0.001018 0.096425 0.001688 0.999997 -0.001694 0.00279 -0.001015 0.001696 0.999998 0.003298
0277b87a9c943ed5 75442033 75842433 119.669624 212.746017 128.0 128.0 0.963029 -0.028834 0.267852 -0.603183 0.02747 0.999584 0.008839 0.103546 -0.267995 -0.001154 0.96342 -1.843786 0.969438 -0.02758 0.24378 -0.639747 0.025665 0.99961 0.011028 0.091526 -0.243989 -0.004435 0.969768 -2.041214
0277b87a9c943ed5 74641233 75842433 119.669624 212.746017 128.0 128.0 0.961671 -0.027619 0.272812 -0.443155 0.02756 0.999612 0.004051 0.120062 -0.272818 0.003623 0.962059 -1.393946 0.969438 -0.02758 0.24378 -0.639747 0.025665 0.99961 0.011028 0.091526 -0.243989 -0.004435 0.969768 -2.041214
0278b3d8abd9654d 61961900 60360300 126.462997 224.823105 128.0 128.0 0.977374 0.004492 0.211469 1.740061 -0.002363 0.999944 -0.010321 0.251639 -0.211503 0.009588 0.97733 -1.342321 0.975877 0.003623 0.218292 1.44489 -0.001747 0.99996 -0.008786 0.203561 -0.218315 0.008193 0.975844 -0.886756
